   149600000.00000000        0.0000000000000000        164560000.00000000        0.0000000000000000     
   149594466.27614722        1286724.3506873008        164455761.70551294        3002386.9518748717     
   149577865.51397523        2573353.5091656265        164144349.71703491        5982039.1740536671     
   149550198.94161287        3859792.2902683467        163629655.53214803        8916520.6906509735     
   149511468.60584044        5145945.5229129996        162918107.91573173        11783989.091200110     
   149461677.37193850        6431718.0571420752        162018588.09413624        14563482.509876523     
   149400828.92347574        7717014.7711622296        160942312.59790939        17235194.985508949     
   149328927.76203653        9001740.5783814304        159702685.29905805        19780736.568875603     
   149245979.20688784        10285800.434443478        158315120.59532663        22183374.745054297     
   149151989.39458588        11569099.344259415        156796840.07471368        24428253.985158231     
   149046965.27852181        12851542.369035292        155166645.34339404        26502590.530389249     
   148930914.62840769        14133034.633295761        153444670.01475936        28395839.838169776     
   148803846.02970138        15413481.331902990        151652114.13227072        30099834.480860226     
   148665768.88297155        16692787.737070370        149810964.53062013        31608890.677470278     
   148516693.40320215        17970859.205370501        147943704.82524902        32919882.052685145     
   148356630.61903676        19247601.184736948        146073018.85713503        34032279.649989553     
   148185592.37196261        20522919.221459217        144221491.50611949        34948157.670976155     
   148003591.31543460        21796718.967170462        142411310.82077229        35672164.865195483     
   147810640.91393927        23068906.185827412        140663975.39541659        36211461.948172845     
   147606755.44199845        24339386.760681991        139000010.85569465        36575625.873502985     
   147391949.98311353        25608066.701244056        137438699.19386148        36776522.222320095     
   147166240.42864931        26874852.150234889        135997824.52542880        36828147.394157439     
   146929643.47665858        28139649.390530754        134693438.62208891        36746442.681705199     
   146682176.63064665        29402364.852096122        133539649.31488335        36549082.682989925     
   146423858.19827646        30662905.118906002        132548434.55978902        36255240.843136437     
   146154707.29001415        31921176.935856905        131729484.61925788        35885335.219666906     
   145874743.81771541        33177087.215665847        131090074.44223322        35460757.826257296     
   145583988.49315220        34430543.045756988        130634967.92667094        35003591.126567252     
   145282462.82648063        35681451.695135348        130366355.32787965        34536315.419323631     
   144970189.12464949        36929720.621247031        130283824.63860586        34081510.976035476     
   144647190.48975018        38175257.476825587        130384367.31850632        33661558.861961141     
   144313490.81730738        39417970.116723850        130662418.29738073        33298344.388323180     
   143969114.79451150        40657766.604730904        131109929.72426794        33012967.109045930     
   143614087.89839205        41894555.220373496        131716477.48920394        32825461.188929185     
   143248436.39393303        43128244.465701595        132469399.11197856        32754529.833312877     
   142872187.33212984        44358743.072057381        133353961.17831360        32817297.283733957     
   142485368.54798788        45585960.006827377        134353554.11398265        33029081.652279846     
   142088008.65846351        46809804.480177037        135449911.72664714        33403191.592358954     
   141680137.06034678        48030185.951767400        136623352.61835074        33950749.489068091     
   141261783.92808679        49247014.137453280        137853040.28301504        34680543.502389237     
   140832980.21155930        50460199.015962549        139117258.45671251        35598910.415711716     
   140393757.63377705        51669650.835555896        140393698.08722210        36709650.835674405     
   139944148.68854299        52875280.120666713        141659752.13604417        38013977.862421572     
   139484186.63804615        54076997.678520501        142892814.32269648        39510499.907695994     
   139013905.51040110        55274714.605733372        144070577.86909020        41195237.887585446     
   138533340.09713051        56468342.294889182        145171330.30178317        43061676.563137114     
   138042525.95059121        57657792.441094659        146174240.42192605        45100849.351445667     
   137541499.38134402        58842977.048512295        147059633.65607041        47301455.488151267     
   137030297.45546749        60023808.436870292        147809252.15433061        49650007.995380349     
   136508957.99181581        61200199.247949108        148406496.20366085        52131010.502659529     
   135977519.55922082        62372062.452044345        148836643.77057117        54727160.587594852     
   135436021.47363886        63539311.354405105        149087045.27620384        57419576.953158230     
   134884503.79524201        64701859.601647817        149147291.03352019        60188047.443880416     
   134323007.32545450        65859621.188144565        149009349.13709265        63011294.628262565     
   133751573.60393415        67012510.462385930        148667671.98589668        65867255.442918651     
   133170244.90549941        68160442.133317396        148119270.03341061        68733371.208404317     
   132579064.23700164        69303331.276649252        147363751.79179043        71586884.189825073     
   131978075.33414362        70441093.341139391        146403329.56219268        74405136.788952827     
   131367322.65824388        71573644.154848263        145242790.81558663        77165869.419853866     
   130746851.39294748        72700899.931366101        143889435.60166681        79847513.137404412     
   130116707.44088332        73822777.276011363        142352980.81176177        82429473.157308146     
   129476937.42026821        74939193.192000329        140645432.55902284        84892399.526424140     
   128827588.66145809        76050065.086587235        138780928.35989347        87218441.371775270     
   128168709.20344648        77155310.777174458        136775551.19935521        89391481.373298958     
   127500347.79031055        78254848.497392491        134647117.93346226        91397347.366365448     
   126822553.86760502        79348596.903148964        132414944.82131496        93223998.281878993     
   126135377.57870422        80436475.078646511        130099593.28041829        94861681.970413566     
   125438869.76109238        81518402.542368948        127722599.22033738        96303062.827846482     
   124733081.94260266        82594299.253035426        125306189.52626099        97543317.538446456     
   124018066.33760528        83664085.615521654        122872989.43364856        98580197.672087356     
   123293875.84314440        84727682.486748651        120445724.65533577        99414058.309646010     
   122560564.03502505        85785011.181537583        118046922.19171932        100047852.31892531     
   121818185.16384938        86835993.478430957        115698613.77201726        100487090.35671403     
   121066794.15100338        87880551.625479549        113422045.83988234        100739767.12486410     
   120306446.58459356        88918608.345994368        111237399.91028741        100816254.85357127     
   119537198.71533468        89950086.844263747        109163526.98774311        100729165.41750772     
   118759107.45238832        90974910.811234593        107217699.55035797        100493182.90436955     
   117972230.35915260        91993004.430157810        105415384.37245421        100124868.84530497     
   117176625.64900370        93004292.382197320        103770039.18347122        99642442.677437797     
   116372352.18098928        94008699.852001995        102292935.84634887        99065540.335531294     
   115559469.45547396        95006152.533240601        100993012.38863632        98414954.158442035     
   114738037.60973750        95996576.634099096        99876755.838836998        97712357.542577922     
   113908117.41352591        96979898.882739604        98948117.413999945        96980017.975849509     
   113069770.26455553        97956046.532721177        98208461.177666426        96240502.238933578     
   112223058.18397094        98924947.368381605        97656546.845612377        95516377.664022997     
   111368043.81175663        99886529.710179925        97288546.966219008        94829913.393264428     
   110504790.40210278        100840722.41999923        97098098.248702332        94202785.579086170     
   109633361.81872573        101787454.90640962        97076386.361824423        93655790.416603237     
   108753822.53014340        102726657.12989047        97212263.084037840        93208568.794935197     
   107866237.60490572        103658259.60801205        97492394.259111702        92879346.200950786     
   106970672.70678113        104582193.42057571        97901436.604784459        92684691.307684958     
   106067194.08989847        105498390.21471280        98422241.041248396        92639296.433114663     
   105155868.59384556        106406782.20994133        99036079.856321022        92755782.766381606     
   104236763.63872452        107307302.20318037        99722894.709612921        93044532.931723967     
   103309947.22016384        108199883.57372184        100461562.20301430        93513553.099635467     
   102375487.90428816        109084460.28815904        101230173.51302031        94168366.464870229     
   101433454.82264571        109960966.90527184        102006324.39485735        95011939.497000962     
   100483917.66709387        110829338.58086811        102767411.73150761        96044641.936777398     
   99526946.684643432        111689511.07258077        103490932.71436439        97264241.066228136     
   98562612.672261655        112541420.74462062        104154782.70752195        98665930.328179955     
   97590986.971634746        113385004.57248399        104737547.86507547        100242391.91759898     
   96612141.463889942        114220200.14761539        105218788.64004336        101983892.51887336     
   95626148.564277634        115046945.68202454        105579310.44371554        103878410.92576827     
   94633081.216814235        115865180.01285735        105801417.88379285        105911795.86006685     
   93633012.888885766        116674842.60692085        105869149.22637123        108067951.90641420     
   92626017.565812469        117475873.56516145        105768487.98778684        110329051.10986507     
   91612169.745375648        118268213.62709625        105487548.86412843        112675767.44399539     
   90591544.432306156        119051804.17519718        105016735.54485545        115087531.05564186     
   89564217.132735521        119826587.23922753        104348868.32797416        117542798.93136519     
   88530263.848610044        120592505.50053056        103479279.85271400        120019338.41403325     
   87489761.072068051        121349502.29627001        102405877.68636218        122494519.82835361     
   86442785.779781207        122097521.62362206        101129172.93929961        124945614.35398267     
   85389415.427259460        122836508.14391828        99652274.530565098        127350093.21559371     
   84329727.943121061        123566407.18673982        97980849.179544255        129685924.24190646     
   83263801.723327383        124287164.75396171        96123047.651649222        131931861.88039768     
   82191715.625383019        124998727.52374789        94089398.231160209        134067726.84077218     
   81113548.962502047        125701042.85449576        91892668.826864749        136074671.67712584     
   80029381.497740403        126394058.78873076        89547699.530043274        137935428.80428514     
   78939293.438094810        127077724.05695012        87071207.834255069        139634537.67560041     
   77843365.428569272        127751988.08141588        84481569.087128684        141158548.12445036     
   76741678.546208844        128416800.97989652        81798575.071191341        142496197.18625495     
   75634314.294101387        129072113.56935738        79043173.899378523        143638557.06773782     
   74521354.595348254        129717877.36959916        76237194.657431901        144579152.31091389     
   73402881.787003368        130354044.60684453        73403060.426668271        145314044.60577795     
   72278978.613981903        130980568.21727240        70563493.473935038        145841884.13257003     
   71149728.222938880        131597401.85049982        67741216.498925984        146163926.75616166     
   70015214.156118006        132204499.87301087        64958653.881056279        146284016.84571514     
   68875520.345170975        132801817.37153275        62237636.868102670        146208535.94636917     
   67730731.104948491        133389310.15635833        59599116.596799389        145946317.98031300     
   66580931.127262332        133966934.76461551        57062888.732228979        145508532.09628272     
   65426205.474620022        134534648.46348247        54647333.359531365        144908534.71341619     
   64266639.573931873        135092409.25334901        52369173.560183898        144161692.71190912     
   63102319.210190900        135640175.87092394        50243255.858548701        143285180.10365346     
   61933330.520126708        136177907.79228744        48282355.435788520        142297750.86599267     
   60759759.985832825        136705565.23588932        46497008.681424201        141219490.93627363     
   59581694.428368822        137223109.16549182        44895375.292066902        140071552.63986376     
   58399221.001337342        137730501.29305768        43483131.736958556        138875875.05610794     
   57212427.184436388        138227704.08158258        42263397.496042654        137654894.01225534     
   56021400.776987463        138714680.74787235        41236695.043829061        136431245.53225684     
   54826229.891440347        139191395.26526392        40400944.107012682        135227466.65369824     
   53627002.946854368        139657812.36629075        39751490.271535613        134065697.56086440     
   52423808.662357129        140113897.54529193        39281167.561514661        132967388.96456203     
   51216736.050581172        140559617.06096491        38980394.164169446        131953018.59009118     
   50005874.411078751        140994937.93886155        38837300.037497796        131041820.51456726     
   48791313.323715188        141419827.97382781        38837884.716727242        130251530.92523557     
   47573142.642042205        141834255.73238611        38966203.237073980        129598153.65373357     
   46351452.486650072        142238190.55506092        39204577.719322249        129095748.58029334     
   45126333.238500774        142631602.55864680        39533831.826097593        128756245.70009111     
   43897875.532241471        143014462.63841930        39933544.994907700        128589287.30531631     
   42666170.249499254        143386742.47028819        40382323.093055733        128602100.36552268     
   41431308.512157895        143748414.51289260        40858081.922830708        128799400.79033257     
   40193381.675616495        144099452.00963888        41338339.835808814        129183330.83785266     
   38952481.322030909        144439828.99067983        41800515.594898343        129753430.49477306     
   37708699.253538728        144769520.27483606        42222227.553512417        130506643.20583850     
   36462127.485467441        145088501.47145885        42581590.203871638        131437355.87711179     
   35212858.239527285        145396748.98223466        42857504.181157090        132537472.62517931     
   33960983.936988667        145694240.00293079        43029935.896587439        133796521.29914184     
   32706597.191844784        145980952.52508256        43080183.109349005        135201791.36977190     
   31449790.803959914        146256865.33762151        42991122.932855524        136738501.36630154     
   30190657.752204265        146521958.02844456        42747439.002607502        138389993.65140000     
   28929291.187575128        146776210.98592404        42335824.807899192        140137953.96415091     
   27665784.426305767        147019605.40035868        41745160.504159167        141962652.83400318     
   26400230.942961764        147252123.26536512        40966660.872654222        143843205.68006626     
   25132724.363525677        147473747.37921000        39993992.475019149        145757848.16354865     
   23863358.458470631        147684461.34608251        38823358.456574485        147684223.15986270     
   22592227.135823250        147884249.57730749        37453549.879293934        149599675.56358638     
   21319424.434216093        148073097.29249856        35885962.906950429        151481551.03611171     
   20045044.515930869        148250990.52065167        34124581.615578696        153307494.75377959     
   18769181.659932207        148417916.10117853        32175926.655992195        155055746.21429685     
   17491930.254892755        148573861.68488038        30048970.445701856        156705426.21124336     
   16213384.792210486        148718815.73486161        27755020.009256467        158236812.18982229     
   14933639.859018102        148852767.52738306        25307569.012927223        159631598.35032830     
   13652790.131185390        148975707.15265560        22722120.946165226        160873137.06707230     
   12370930.366315134        149087625.51557317        20015985.783002954        161946658.43705574     
   11088155.396733021        149188514.33638549        17208052.806522034        162839465.06128585     
   9804560.1224717032        149278366.15131089        14318542.594057171        163541099.48844579     
   8520239.5042503159        149357174.31308821        11368741.435799547        164043482.11137298     
   7235288.5564489989        149424932.99146873        8380721.6912635304        164341017.69670117     
   5949802.3400799492        149481637.17364746        5377051.7736461246        164430669.14192721     
   4663875.9557546675        149527282.66463393        2380499.5889736093        164311997.48662579     
   3377604.5366482995        149561866.08756262       -586266.65669929702        163987167.64983678     
   2091083.2414618556        149585384.88394272       -3500976.3340419885        163460919.81791970     
   804407.24738224363        149597837.31384742       -6342049.0205236413        162740506.86043912     
  -482328.25695902843        149599222.45604265       -9088878.0224166419        161835598.59993026     
  -1769028.0785278685        149589540.20805526       -11722101.047520887        160758154.19878393     
  -3055597.0269299056        149568791.28618047       -14223854.456958843        159522264.34720814     
  -4341939.9214529330        149536977.22542909       -16578007.741078727        158143965.33472249     
  -5627961.5981081706        149494100.37941369       -18770375.125460748        156641027.45865971     
  -6913566.9166706214        149440163.92017481       -20788901.514809400        155032720.56179169     
  -8198660.7677176697        149375171.83794597       -22623820.321145814        153339559.79299536     
  -9483148.0796650704        149299128.94085869       -24267781.093723193        151583034.94584724     
  -10766933.825800635        149212040.85458663       -25715945.266579911        149785326.94673461     
  -12049923.031314064        149113914.02192959       -26966048.760356050        147969015.23364666     
  -13332020.780323451        149004755.70233664       -28018430.612385895        146156779.88700753     
  -14613132.222897071        148884573.97136927       -28876027.257360607        144371102.44316888     
  -15893162.582070349        148753377.72010383       -29544332.534124974        142633969.33855903     
  -17172017.160857543        148611176.65447378       -30031323.946442716        140966581.89777130     
  -18449601.349257559        148457981.29455173       -30347356.150869817        139389076.69252220     
  -19725820.631253023        148293802.97377107       -30505023.077340841        137920259.96155703     
  -21000580.591802690        148118653.83808753       -30518990.501988985        136577359.59603360     
  -22273786.923826415        147932546.84508064       -30405801.281626381        135375797.96312338     
  -23545345.435181800        147735495.76299518       -30183655.820063505        134328988.56559393     
  -24815162.055632621        147527515.16972247       -29872170.663281076        133448159.22059718     
  -26083142.843808398        147308620.45172200       -29492118.409074910        132742204.09094828     
  -27349193.994153790        147078827.80288312       -29065152.363365579        132217566.52144633     
  -28613221.843868744        146838154.22332695       -28613519.576643545        131878154.22628967     
  -29875132.879837409        146586617.51814884       -28159766.047353603        131725287.94674055     
  -31134833.745546386        146324236.29610094       -27726437.982386943        131757684.25652491     
  -32392231.247991357        146051029.96821573       -27335783.056877449        131971472.74184740     
  -33647232.364571333        145767018.74636987       -27009455.615508094        132360247.32929873     
  -34899744.249970585        145472223.64178890       -26768229.705522526        132915151.08432433     
  -36149674.243027464        145166666.46349290       -26631723.728290327        133624993.36125097     
  -37396929.873589270        144850369.81668305       -26618140.342958182        134476397.75896293     
  -38641418.869353458        144523357.10106921       -26744025.054456525        135453978.92981336     
  -39883049.162693843        144185652.50913888       -27024046.671574704        136540545.90861383     
  -41121728.897471748        143837281.02436736       -27470802.532225471        137717329.27859157     
  -42357366.435831621        143478268.41936964       -28094651.066196427        138964229.17665455     
  -43589870.364980467        143108641.25399345       -28903573.904945500        140260080.86531210     
  -44819149.503950424        142728426.87335461       -29903069.358100668        141582934.36679393     
  -46045112.910344601        142337653.40581396       -31096078.662415694        142910344.46934530     
  -47267669.887064755        141936349.76089624       -32482945.976473689        144219667.27880672     
  -48486729.989021264        141524545.62715170       -34061412.649129182        145488359.40221843     
  -49702203.029824272        141102271.46995944       -35826645.837408885        146694275.81545219     
  -50913999.088455543        140669558.52927366       -37771301.096322834        147815962.48424226     
  -52122028.515921153        140226438.81731257       -39885618.114751548        148832939.87721771     
  -53326201.941883370        139772945.11619005       -42157548.334183872        149725973.62972406     
  -54526430.281272538        139309110.97549048       -44572912.766362846        150477328.78677917     
  -55722624.740877561        138834970.70978671       -47115587.927395344        151071004.27019188     
  -56914696.825914755        138350559.39610150       -49767717.434863731        151492944.47583082     
  -58102558.346575029        137855912.87131229       -52509946.475833029        151731225.20881429     
  -59286121.424547739        137351067.72950029       -55321676.051845476        151776211.50302503     
  -60465298.499522209        136836061.31924316       -58181333.646024883        151620685.24235967     
  -61640002.335665524        136310931.74085176       -61066656.740705840        151259940.89961344     
  -62810146.028076090        135775717.84355170       -63954985.444431476        150691848.12961313     
  -63975643.009212896        135230459.22260913       -66823560.366958626        149916880.39059457     
  -65136407.055300079        134675196.21640152       -69649821.811655700        148938109.21610501     
  -66292352.292705365        134109969.90343350       -72411706.337293789        147761164.21297944     
  -67443393.204293281        133534822.09929770       -75087936.775947362        146394159.31320894     
  -68589444.635751694        132949795.35358132       -77658301.880068347        144847586.25282836     
  -69730421.801891521        132354932.94671828       -80103921.908650994        143134176.68341249     
  -70866240.292919129        131750278.88678735       -82407496.647948533        141268734.73568916     
  -71996816.080681220        131135877.90625632       -84553532.593993589        139267942.24468285     
  -73122065.524880886        130511775.45867279       -86528546.299146906        137150139.20655793     
  -74241905.379265577        129878017.71530151       -88321241.199439690        134935082.36416274     
  -75356252.797785655        129234651.56170857       -89922655.589409828        132643685.10688873     
  -76465025.340723291        128581724.59429273       -91326279.791867927        130297742.11702783     
  -77568140.980791584        127919285.11676434       -92528140.976525262        127919642.39609411     
  -78665518.109202564        127247382.13657176       -93526854.508313000        125532074.45791022     
  -79757075.541705161        126566065.36127579       -94323641.147892118        123157727.57862405     
  -80842732.524590746        125875385.19487230       -94922309.877456516        120818993.04585247     
  -81922408.740667567        125175392.73406333       -95329206.578537434        118537669.34916034     
  -82996024.315202549        124466139.76447694       -95553129.239123657        116334675.20207268     
  -84063499.821830675        123747678.75683598       -95605210.809085712        114229774.18247318     
  -85124756.288430542        123020062.86307655       -95498771.249797314        112241314.62493043     
  -86179715.202967092        122283345.91241558       -95249140.730355278        110385988.19722691     
  -87228298.519299850        121537582.40736860       -94873456.303540975        108678610.34681658     
  -88270428.662956715        120782827.51971768       -94390434.744622350        107131925.51434179     
  -89306028.536873162        120019137.08642967       -93820124.550646439        105756439.68452016     
  -90335021.527095586        119246567.60552555       -93183640.372863993        104560282.48397310     
  -91357331.508449495        118465176.23190057       -92502883.386738136        103549100.64566982     
  -92372882.850171134        117675020.77309594       -91800251.289551377        102725984.24575472     
  -93381600.421502694        116876159.68502221       -91098341.752498999        102091426.68606618     
  -94383409.597250462        116068652.06763473       -90419653.240527451        101643318.95035325     
  -95378236.263305828        115252557.66056132       -89786287.147912830        101376978.20992737     
  -96366006.822127968        114427936.83868283       -89219655.180209845        101285210.40121734     
  -97346648.198188767        113594850.60766651       -88740195.843972415        101358405.94940880     
  -98320087.843378901        112753360.59945290       -88367103.785461515        101584667.37495962     
  -99286253.742375135        111903529.06769606       -88118075.550003633        101949967.09906206     
  -100245074.41796777        111045418.88315837       -88009075.116977125        102438333.36562361     
  -101196478.93634880        110179093.52905893       -88054122.304450929        103032061.82631618     
  -102140396.91235942        109304617.09637742       -88265106.835713983        103711949.99659894     
  -103076758.51469721        108422054.27911241       -88651630.521304399        104457551.48882015     
  -104005494.47108234        107531470.36949536       -89220879.639141694        105247446.66752544     
  -104926536.07338220        106632931.25316036       -89977529.196874976        106059526.15539794     
  -105839815.18269470        105726503.40426959       -90923680.339850143        106871283.44867919     
  -106745264.23438889        104812253.88059595       -92058831.730713159        107660112.78071317     
  -107642816.24310358        103890250.31856182       -93379885.278386071        108403608.30300117     
  -108532404.80770297        102960560.92823549       -94881186.140882045        109079860.63577062     
  -109413964.11618896        102023254.48828477       -96554596.474155411        109667746.87476934     
  -110287428.95056984        101078400.34088890       -98389601.953876510        110147210.22734894     
  -111152734.69168547        100126068.38660841       -100373449.66455559        110499525.58774890     
  -112009817.32398738        99166329.079214051       -102491315.53652088        110707547.54703611     
  -112858613.44027498        98199253.420474544       -104726499.12135068        110755937.56494303     
  -113699060.24638630        97224912.954903781       -107060643.13560289        110631367.30582215     
  -114531095.56584357        96243379.764467999       -109473974.87584971        110322695.45546791     
  -115354657.84445295        95254726.463253200       -111945566.31941310        109821115.68549705     
  -116169686.15485856        94259026.192092940       -114453609.47862737        109120273.81270997     
  -116976120.20104969        93256352.613157541       -116975703.37516499        108216352.60735059     
  -117773900.32282156        92246779.904504493       -119489148.84763360        107108123.13108163     
  -118562967.50018899        91230382.754590750       -121971247.30227897        105796961.92715785     
  -119343263.35775276        90207236.356747299       -124399599.46459837        104286833.83588743     
  -120114730.16901827        89177416.403616071       -126752400.18965578        102584240.66207229     
  -120877310.86066605        88140999.081550598       -129008725.44089772        100698136.37172927     
  -121630949.01677415        87098061.064979449       -131148807.65061185        98639809.937064692     
  -122375588.88299172        86048679.510733888       -133154295.82848215        96422737.375582933     
  -123111175.37066385        84992932.052339807       -135008496.98595574        94062404.935716674     
  -123837654.06090689        83930896.794274449       -136696595.69068801        91576105.762110561     
  -124554971.20863461        82862652.306187987       -138205848.85392386        88982712.723646477     
  -125263073.74653402        81788277.617091194       -139525753.18049189        86302430.401851058     
  -125961909.28899139        80707852.209508747       -140648183.07182866        83556529.512319028     
  -126651426.13596782        79621456.013599053       -141567497.16234326        80767067.263597503     
  -127331573.27682397        78529169.401241019       -142280612.08334067        77956597.343541950     
  -128002300.39409380        77431073.180088207       -142787042.48118055        75147873.360027507     
  -128663557.86720723        76327248.587590367       -143088906.76164955        72363549.649273828     
  -129315296.77616087        75217777.284983903       -143190898.48479354        69625883.399779186     
  -129957468.90513720        74102741.351250276       -143100223.78772721        66956442.022495836     
  -130590026.74607176        72982223.277043715       -142826505.66122371        64375819.628652498     
  -131212923.50216752        71856305.958588853       -142381656.34327772        61903366.356445849     
  -131826113.09135722        70725072.691547647       -141779719.51355791        59556934.118270308     
  -132429550.14971223        69588607.164857447       -141036684.37116304        57352642.123475119     
  -133023190.03479888        68446993.454539582       -140170274.04912013        55304665.270681374     
  -133606988.82898085        67300316.017479345       -139199711.15770718        53425048.201910317     
  -134180903.34266843        66148659.685177855       -138145463.55048788        51723547.472145528     
  -134744891.11751351        64992109.657476299       -137028973.66791996        50207503.916945755     
  -135298910.42955095        63830751.496252574       -135872375.03010684        48881746.902236648     
  -135842920.29228491        62664671.119091734       -134698199.61983907        47748531.719700381     
  -136376880.45972136        61493954.792929590       -133529080.01727776        46807510.953796238     
  -136900751.42934543        60318689.127670653       -132387450.21689387        46055740.198165111     
  -137414494.44504371        59138961.069780849       -131295249.07465892        45487718.045901150     
  -137918071.49997154        57954857.895854883       -130273630.29877768        45095459.825902708     
  -138411445.33936483        56766467.206159897       -129342682.81090499        44868604.112208836     
  -138894579.46329588        55573876.918154515       -128521165.16793859        44794550.600759849     
  -139367438.12937403        54377175.259984799       -127826257.54894213        44858627.534104459     
  -139829986.35538965        53176450.763957009       -127273334.57996394        45044286.464663856     
  -140282189.92190221        51971792.259988129       -126875761.99454390        45333321.786411636     
  -140724015.37477180        50763288.869033948       -126644719.81316926        45706112.137987405     
  -141155430.02763426        49551029.996496014       -126589054.37500153        46141880.491650492     
  -141576401.96431899        48335105.325607523       -126715161.17446500        46618969.495907500     
  -141986900.04121041        47115604.810798354       -127026900.04879500        47115128.438358784     
  -142386893.88955182        45892618.671040259       -127525543.83574346        47607808.041975729     
  -142776353.91769212        44666237.383172520       -128209761.17897567        48074459.204646744     
  -143155251.31327516        43436551.675208174       -129075633.70808372        48492831.739799462     
  -143523558.04537097        42203652.519622333       -130116707.36654082        48841269.175889216     
  -143881246.86654982        40967631.126621768       -131324077.21031256        49098995.724552065     
  -144228291.31489772        39728578.937397167       -132686504.55816516        49246391.630559027     
  -144564665.71597430        38486587.617358416       -134190564.94780730        49265253.270022333     
  -144890345.18471211        37241749.049352899       -135820824.94549024        49139034.564559512     
  -145205305.62725756        35994155.326868318       -137560045.47594759        48853066.525674850     
  -145509523.74275360        34743898.747219391       -139389408.98959917        48394752.032205701     
  -145802977.02506319        33491071.804719720       -141288767.46938828        47753733.270499989     
  -146085643.76443473        32235767.183839016       -143236908.00462776        46922029.627728447     
  -146357503.04910773        30978077.752346374       -145211832.42741758        45894144.218630172     
  -146618534.76686025        29718096.554439612       -147191047.32162955        44667137.639894947     
  -146868719.60649642        28455916.803862233       -149151860.57757795        43240667.978845492     
  -147108039.05927551        27191631.877007239       -151071680.57912272        41616996.548381865     
  -147336475.42028078        25925335.306008946       -152928314.07520857        39800959.272420526     
  -147554011.78972971        24657120.771823835       -154700258.80520728        37799904.099330150     
  -147760632.07422388        23387082.097299807       -156366987.01665357        35623595.269152164     
  -147956320.98793983        22115313.240234956       -157909216.13415077        33284085.697785113     
  -148141064.05375981        20841908.286426932       -159309163.00776604        30795559.162036583     
  -148314847.60434276        19566961.442712199       -160550778.38592285        28174144.367942765     
  -148477658.78313544        18290567.029996634       -161619958.51874572        25437703.355783187     
  -148629485.54532370        17012819.476277735       -162504731.09959647        22605597.033863392     
  -148770316.65872332        15733813.309658512       -163195413.09116662        19698430.934942398     
  -148900141.70461121        14453643.151354710       -163684738.35349745        16737784.550161323     
  -149018951.07849595        13172403.708694406       -163967953.38978374        13745927.812034816     
  -149126735.99082860        11890189.768111624       -164042879.94653043        10745528.467647776     
  -149223488.46765268        10607096.188134007       -163909943.64201099        7759354.2034092154     
  -149309201.35119429        9323217.8923652135       -163572168.24526191        4809973.4519729903     
  -149383868.30039158        8038649.8624621853       -163035135.68111369        1919458.8293245211     
  -149447483.79136381        6753487.1311087832       -162306912.28903079       -890902.88467338122     
  -149500043.11782008        5467824.7749849688       -161397942.30884045       -3600890.3953308985     
  -149541542.39140743        4181757.9077330772       -160320909.99889618       -6191613.4816765636     
  -149571978.54199868        2895381.6729213516       -159090572.20614213       -8645761.0199374557     
  -149591349.31791925        1608791.2370049292       -157723563.59745249       -10947828.169179030     
  -149599653.28611401        322081.78228586802       -156238177.12237832       -13084319.721300043     
  -149596889.83225319       -964651.50012899726       -154654122.60427210       -15043926.932111207     
  -149583059.16077787       -2251313.4173698537       -152992266.64537495       -16817675.500160713     
  -149558162.29488477       -3537808.7818465685       -151274357.27802655       -18399042.740702037     
  -149522201.07645062       -4824042.4182905601       -149522736.99544525       -19784042.408691324     
  -149475178.16589594       -6109919.1707961578       -147760047.94886431       -20971276.051600315     
  -149417097.04198813       -7395343.9098598575       -146008933.20118356       -21961950.214494862     
  -149347962.00158414       -8680221.5394182950       -144291737.97932720       -22759859.270437934     
  -149267778.15931261       -9964457.0038834177       -142630214.86752144       -23371334.102875046     
  -149176551.44719547       -11247955.295174710       -141045236.83169547       -23805157.317271672     
  -149074288.61420909       -12530621.459747866       -139556521.86187404       -24072446.100945011     
  -148960997.22578499       -13812360.605619723       -138182372.86611828       -24186504.276940230     
  -148836685.66325018       -15093077.909388015       -136939436.24831727       -24162645.504311088     
  -148701363.12320706       -16372678.623246698       -135842482.35557881       -24017989.957909301     
  -148555039.61685300       -17651068.081995334       -134904210.69238585       -23771237.170748632     
  -148397725.96923989       -18928151.710042402       -134135082.47186325       -23442418.036561009     
  -148229433.81847313       -20203835.028402280       -133543182.71376428       -23052629.245160989     
  -148050175.61485067       -21478023.661684427       -133134113.70889482       -22623753.655048028     
  -147859964.61994201       -22750623.345075570       -132910921.25578490       -22178170.293244995     
  -147658814.90560704       -24021539.931313299       -132874054.64296155       -21738457.809247002     
  -147446741.35295501       -25290679.397651382       -133021360.90487665       -21327095.296336178     
  -147223759.65124363       -26557947.852815125       -133348113.42727298       -20966164.428252876     
  -146989886.29671836       -27823251.543947998       -133847074.52450389       -20677056.841860704     
  -146745138.59139207       -29086496.863547046       -134508591.16303319       -20480190.627215259     
  -146489534.64176494       -30347590.356388230       -135320722.56795186       -20394739.666266989     
  -146223093.35748500       -31606438.726440255       -136269398.02862415       -20438379.391881995     
  -145945834.44994920       -32862948.843766581       -137338602.82107532       -20627052.322182506     
  -145657778.43084511       -34117027.751415186       -138510589.79370648       -20974756.464261029     
  -145358946.61063343       -35368582.672295742       -139766113.82427707       -21493359.379539065     
  -145049361.09697157       -36617521.016042985       -141084686.05428606       -22192440.364417266     
  -144729044.79307801       -37863750.385866746       -142444844.54590741       -23079162.828859083     
  -144398021.39603788       -39107178.585387483       -143824437.78992215       -24158178.557064675     
  -144056315.39504999       -40347713.625456914       -145200917.32351369       -25431565.113680921     
  -143703952.06961498       -41585263.730963662       -146551635.59657586       -26898797.221613102     
  -143340957.48766518       -42819737.347622380       -147854145.15592656       -28556752.489218675     
  -142967358.50363609       -44051043.148747280       -149086495.19942957       -30399751.411398992     
  -142583182.75647974       -45279090.042008370       -150227521.58672902       -32419631.116830245     
  -142188458.66761982       -46503787.176170573       -151257126.47964811       -34605851.888269491     
  -141783215.43884927       -47725043.947814770       -152156543.92214692       -36945635.050402738     
  -141367483.05016968       -48942770.008040942       -152908587.85527253       -39424130.405785196     
  -140941292.25757343       -50156875.269152008       -153497879.29431668       -42024611.009507515     
  -140504674.59076855       -51367269.911318451       -153911049.67036960       -44728692.712471403     
  -140057662.35084587       -52573864.389223382       -154136917.65298465       -47516575.576312117     
  -139600288.60788959       -53776569.438687041       -154166637.12060776       -50367303.974392310     
  -139132587.19853058       -54975296.083270766       -153993814.32615209       -53259041.946714424     
  -138654592.72344321       -56169955.640859172       -153614592.71159229       -56169360.175309688     
  -138166340.54478565       -57360459.730221123       -153027704.25235015       -59075530.793321729     
  -137667866.78358367       -58546720.277548105       -152234486.65390646       -61954826.137628928     
  -137159208.31705838       -59728649.522969976       -151238866.17368320       -64784817.502812371     
  -136640402.77589822       -60906160.027047418       -150047306.29483896       -67543669.954257637     
  -136111488.54147470       -62079164.677240930       -148668722.92923242       -70210429.310181811     
  -135572504.74300337       -63247576.694355078       -147114367.26848209       -72765297.505712688     
  -135023491.25464863       -64411309.638958760       -145397677.82895836       -75189892.705457419     
  -134464488.69257411       -65570277.417779848       -143534103.64305478       -77467490.732250482     
  -133895538.41193767       -66724394.290074460       -141540900.92983186       -79583244.626320630     
  -133316682.50383216       -67873574.873970017       -139436905.92808747       -81524379.437701657     
  -132727963.79217118       -69017734.152782023       -137242286.88946179       -83280359.681529135     
  -132129425.83052135       -70156787.481303319       -134978278.50418648       -84843027.246598959     
  -131521112.89887993       -71290650.592066258       -132666902.26389894       -86206707.937457815     
  -130903070.00039901       -72419239.601577118       -130330676.45151635       -87368285.244199172     
  -130275342.85805632       -73542471.016521290       -127992319.58504154       -88327240.366594791     
  -129637977.91127238       -74660261.739940703       -125674451.22855209       -89085657.964494273     
  -128991022.31247516       -75772529.077380896       -123399294.11836693       -89648197.558690727     
  -128334523.92361157       -76879190.743009046       -121188381.53502758       -90022030.959723353     
  -127668531.31260665       -77980164.865701422       -119062273.78250901       -90216746.550372913     
  -126993093.74977055       -79075369.995100170       -117040287.51589677       -90244221.684999317     
  -126308261.20415342       -80164725.107639149       -115140241.48922022       -90118464.889593631     
  -125614084.33984873       -81248149.612538069       -113378222.07845460       -89855429.944918960     
  -124910614.51224515       -82325563.357764468       -111768371.67375529       -89472804.306141824     
  -124197903.76422724       -83396886.635963514       -110322702.73320645       -88989774.651001871     
  -123476004.82232532       -84462040.190354720       -109050939.95174569       -88426772.650378928     
  -122744971.09281471       -85520945.220595419       -107960392.62791988       -87805204.316094026     
  -122004856.65776466       -86573523.388610542       -107055858.91264367       -87147166.497492597     
  -121255716.27103765       -87619696.824387670       -106339563.20342383       -86475154.267942131     
  -120497605.35423827       -88659388.131738454       -105811127.51012814       -85811763.062586620     
  -119730579.99261326       -89692520.394024149       -105467577.17009947       -85179389.497965023     
  -118954696.93090259       -90719017.179845557       -105303380.83714440       -84599934.821493208     
  -118170013.56914100       -91738802.548698187       -105310524.21665554       -84094514.904102847     
  -117376587.95841192       -92751801.056589693       -105478616.57381848       -83683180.602992803     
  -116574478.79655251       -93757937.761621729       -105795028.60938804       -83384652.184600353     
  -115763745.42381158       -94757138.229533628       -106245059.88359442       -83216071.312369481     
  -114944447.81845920       -95749328.539209664       -106812133.57883230       -83192773.872106045     
  -114116646.59234954       -96734435.288147509       -107478016.03102504       -83328086.632743672     
  -113280402.98643720       -97712385.597888201       -108223058.13271372       -83633150.425815940     
  -112435778.86624591       -98683107.119408488       -109026455.42230766       -84116772.176993743     
  -111582836.71729244       -99646528.038472340       -109866523.42734873       -84785307.742320254     
  -110721639.64046325       -100602577.08094457       -110720984.62835883       -85642577.095284164     
  -109852251.34734660       -101551183.51806338       -111567263.25648911       -86689812.983974025     
  -108974736.15551931       -102492277.17167258       -112382784.03482237       -87925643.735892788     
  -108089158.98378797       -103425788.41941407       -113145270.92113580       -89346110.437407210     
  -107195585.34738702       -104351648.19987781       -113833041.90991113       -90944718.261200368     
  -106294081.35313113       -105269788.01771162       -114425296.00338407       -92712521.264492109     
  -105384713.69452497       -106180139.94868815       -114902388.56475435       -94638239.539110690     
  -104467549.64682947       -107082636.64472975       -115246091.41998932       -96708407.167595163     
  -103542657.06208412       -107977211.33889151       -115439834.27590406       -98907549.032996997     
  -102610104.36408800       -108863797.85029994       -115468924.26874837       -101218384.14929526     
  -101669960.54333708       -109742330.58904974       -115320740.74611700       -103622052.82938950     
  -100722295.15192083       -110612744.56105565       -114984902.71181239       -106098364.69306448     
  -99767178.298376381       -111474975.37286104       -114453406.72402611       -108626064.24233454     
  -98804680.642501995       -112328959.23640171       -113720733.42709295       -111183110.49974556     
  -97834873.390129849       -113174632.97372454       -112783921.31098001       -113746967.01965024     
  -96857828.287857711       -114011934.02166225       -111642606.72512497       -116294898.44558945     
  -95873617.617741734       -114840800.43646093       -110299029.61854196       -118804269.70052351     
  -94882314.191948503       -115661170.89836316       -108758004.93037772       -121252843.86192867     
  -93883991.347368300       -116472984.71614468       -107026860.00837427       -123619074.79111205     
  -92878722.940190554       -117276181.83160348       -105115338.88098085       -125882390.65533051     
  -91866583.340438500       -118070702.82400401       -103035474.64624667       -128023464.60147274     
  -90847647.426468462       -118856488.91447230       -100801431.66135874       -130024469.00960363     
  -89821990.579429939       -119633481.97034474       -98429319.615181580       -131869309.97135499     
  -88789688.677688330       -120401624.50946908       -95936981.937191293       -133543838.89908636     
  -87750818.091212764       -121160859.70445606       -93343761.334844589       -135036038.47352108     
  -86705455.675924510       -121911131.38688479       -90670245.553224698       -136336180.47618976     
  -85653678.768012956       -122652384.05145676       -87937996.711803153       -137436953.42400455     
  -84595565.178212449       -123384562.86010341       -85169267.789851651       -138333558.32178572     
  -83531193.186047643       -124107613.64604183       -82386710.001638502       -139023771.26925716     
  -82460641.534040704       -124821482.91778319       -79613074.922743022       -139507972.09642023     
  -81383989.421887055       -125526117.86308925       -76870915.298101768       -139789138.64948720     
  -80301316.500595748       -126221466.35287972       -74182288.479781389       -139872806.80283147     
  -79212702.866596818       -126907476.94508879       -71568466.407776505       -139766996.72467786     
  -78118229.055815861       -127584098.88847075       -69049655.960793898       -139482106.36956790     
  -77017976.037716001       -128251282.12635460       -66644733.367135383       -139030773.60310087     
  -75912025.209307179       -128908977.30034752       -64370996.180264674       -138427708.77837536     
  -74800458.389125690       -129557135.75398569       -62243936.091860659       -137689499.97346616     
  -73683357.811179429       -130195709.53633498       -60277035.580185257       -136834393.46003187     
  -72560806.118866131       -130824651.40553717       -58481591.077083409       -135882052.29999265     
  -71432886.358857557       -131443914.83230610       -56866564.986977071       -134853296.25583407     
  -70299681.974957064       -132053454.00336902       -55438468.510509841       -133769826.44667280     
  -69161276.801925704       -132653223.82485627       -54201276.818991013       -132653938.38351563     
  -68017755.059280366       -133243179.92563725       -53156377.698901586       -131528227.17048010     
  -66869201.345063142       -133823278.66060302       -52302554.344057158       -130415288.76213159     
  -65715700.629582331       -134393477.11389536       -51636002.522416450       -129337421.21912229     
  -64557338.249127477       -134953733.10208112       -51150381.890925787       -128316329.90434819     
  -63394199.899654575       -135504005.17727375       -50836900.781172216       -127372840.50983760     
  -62226371.630447559       -136044252.63019907       -50684433.336954176       -126526623.70124879     
  -61053939.837751716       -136574435.49320713       -50679667.457956627       -125795935.01355687     
  -59876991.258382261       -137094514.54322895       -50807281.597217545       -125197373.43024826     
  -58695612.963307478       -137604451.30467841       -51050148.079313546       -124745661.83180751     
  -57509892.351207294       -138104208.05229849       -51389560.256238878       -124453452.21068665     
  -56319917.142006941       -138593747.81395254       -51805480.503386840       -124331158.22314245     
  -55125775.370388716       -139073034.37335882       -52276805.783045970       -124386817.28758767     
  -53927555.379277334       -139542032.27277070       -52781647.271002091       -124625984.04921669     
  -52725345.813306242       -140000706.81559888       -53297620.356265895       -125051656.61675747     
  -51519235.612257846       -140449024.06897908       -53802141.187061086       -125664236.54475228     
  -50309314.004485056       -140886950.86628187       -54272725.849827237       -126461523.08946356     
  -49095670.500309557       -141314454.80956659       -54687288.233243763       -127438741.81423782     
  -47878394.885399878       -141731504.27197799       -55024432.646637499       -128588607.16688864     
  -46657577.214129105       -142138068.40008619       -55263737.331349179       -129901418.20337099     
  -45433307.802912705       -142534117.11616904       -55386025.123818532       -131365186.19462864     
  -44205677.223526388       -142919621.12043747       -55373617.698678933       -132965792.43276912     
  -42974776.296406388       -143294551.89320293       -55210570.036839046       -134687174.15421709     
  -41740696.083929986       -143658881.69698730       -54882882.024466529       -136511536.12647209     
  -40503527.883678824       -144012583.57857502       -54378684.390568271       -138419585.10643831     
  -39263363.221684732       -144355631.37100700       -53688396.529486515       -140390784.07649374     
  -38020293.845658556       -144687999.69551650       -52804854.125625044       -142403622.90347078     
  -36774411.718202777       -145009663.96340662       -51723404.896209568       -144435901.84901917     
  -35525809.010007478       -145320600.37786958       -50441971.188587986       -146465024.19022429     
  -34274578.093032919       -145620785.93574679       -48961078.605964139       -148468294.08914530     
  -33020811.533673912       -145910198.42923108       -47283850.283729993       -150423215.78067112     
  -31764602.085913803       -146188816.44750929       -45415966.891842872       -152307790.13068861     
  -30506042.684460558       -146456619.37834653       -43365592.890949592       -154100804.65127051     
  -29245226.437872861       -146713587.40961090       -41143270.015285283       -155782113.14591417     
  -27982246.621671274       -146959701.53073925       -38761779.387828417       -157332901.29471490     
  -26717196.671437807       -147194943.53414357       -36235974.087125443       -158735934.67488164     
  -25450170.175903533       -147419296.01655799       -33582584.375108629       -159975785.94378555     
  -24181260.870025013       -147632742.38032630       -30819998.155989192       -161039038.18669835     
  -22910562.628049076       -147835266.83462995       -27968019.563156519       -161914461.74590003     
  -21638169.456569459       -148026854.39665595       -25047608.859632943       -162593162.19777143     
  -20364175.487570293       -148207490.89270571       -22080607.084206957       -163068697.52521262     
  -19088674.971463669       -148377162.95924321       -19089449.076677848       -163337162.93921518     
  -17811762.270116303       -148535858.04388401       -16096868.668971585       -163397242.23031673     
  -16533531.849868748       -148683564.40632358       -13125599.932283051       -163250224.97232500     
  -15254078.274546884       -148820271.11920607       -10198078.422428783       -162899989.35130793     
  -13973496.198465398       -148945968.06893253       -7336146.3656289093       -162352950.84644610     
  -12691880.359426685       -149060645.95640931       -4560765.6749360356       -161617977.43995550     
  -11409325.571710147       -149164296.29773581       -1891742.5841896906       -160706272.47496217     
  -10125926.719059911       -149256911.42483228        652532.46691006050       -159631226.70712343     
  -8841778.7476633321       -149338484.48600703        3055326.2642895486       -158408241.50229836     
  -7556976.6591282906       -149409009.44646341        5301782.3817493627       -157054525.51332554     
  -6271615.5034542978       -149468481.08874604        7379115.9767732564       -155588867.51892546     
  -4985790.3720008023       -149516895.01312709        9276781.2495018169       -154031388.42230469     
  -3699596.3904522988       -149554247.63793156        10986609.355207585       -152403275.68204531     
  -2413128.7117810478       -149580536.19980234        12502914.950499712       -150726503.67967862     
  -1126482.5092069611       -149595758.75390470        13822569.967388850       -149023543.71392006     
   160247.03084187224       -149599914.17406997        14945043.641793950       -147317067.44842675     
   1446964.7157730982       -149593002.15287915        15872408.268380973       -145629647.72632027     
   2733575.3538703443       -149575023.20168537        16609310.605878782       -143983460.69947097     
   4019983.7613375224       -149545978.65057617        17162909.310302071       -142399993.20318162     
   5306094.7693390856       -149505870.64827520        17542779.221785292       -140899759.23769835     
   6591813.2310411828       -149454702.16198307        17760783.768136773       -139502029.29779777     
   7877044.0286511704       -149392476.97715804        17830917.168939989       -138224576.12216130     
   9161692.0804529954       -149319199.69723573        17769118.522536755       -137083440.21757460     
   10445662.347843355       -149234875.74328882        17593060.229257703       -136092718.25204128     
   11728859.842360556       -149139511.35362574        17321913.542913415       -135264377.10913166     
   13011189.632713780       -149033113.58332941        16976094.344377499       -134608096.05725941     
   14292556.851804655       -148915690.30373505        16576992.492069593       -134131139.11658408     
   15572866.703746226       -148787250.20184812        16146688.320872748       -133838259.30775368     
   16852024.470875833       -148647802.77970138        15707660.030593790       -133731636.04599202     
   18129935.520762369       -148497358.35365221        15282485.825308226       -133810846.50665946     
   19406505.313207049       -148335928.05361912        14893544.734184081       -134072871.34013078     
   20681639.407238219       -148163523.82225853        14562720.061790865       -134512134.66056842     
   21955243.468096629       -147980158.41408131        14311109.381189901       -135120577.78089616     
   23227223.274216358       -147785845.39450896        14158744.896775438       -135887765.72096977     
   24497484.724193227       -147580599.13887027        14124327.866986882       -136801025.08347306     
   25765933.843748551       -147364434.83133769        14224980.591497738       -137845611.47814107     
   27032476.792679276       -147137368.46380410        14476019.235688109       -139004904.28500322     
   28297019.871802282       -146899416.83469960        14890750.490264649       -140260626.18657351     
   29559469.529884815       -146650597.54774889        15480294.749350386       -141593084.57206970     
   30819732.370565973       -146390929.01066887        16253438.140446277       -142981431.62812382     
   32077715.159266710       -146120430.43380672        17216515.358935580       -144403939.68386427     
   33333324.830085911       -145839121.82871911        18373324.853313692       -145838288.17695001     
   34586468.492687263       -145547024.00669122        19725077.480435994       -147261858.45379603     
   35837053.439169876       -145244158.57719746        21270379.308403816       -148652032.51384342     
   37084987.150927499       -144930547.94630268        23005248.794112749       -149986491.75568581     
   38330177.305492915       -144606215.31500462        24923168.108879879       -151243511.78283951     
   39572531.783368006       -144271184.67751738        27015167.934956923       -152402249.37893370     
   40811958.674838625       -143925480.81949654        29269944.614061981       -153443017.86543623     
   42048366.286774777       -143569129.31620508        31674008.102151945       -154347547.20832402     
   43281663.149412654       -143202156.53062204        34211858.778138593       -155099225.44135875     
   44511758.023123547       -142824589.61149126        36866190.773514412       -155683318.22017199     
   45738559.905161701       -142436456.49131382        39618119.139868140       -156087163.60994077     
   46961978.036398783       -142037785.88428080        42447427.856735274       -156300339.53625000     
   48181921.908036239       -141628607.28414968        45332835.407196522       -156314801.68946561     
   49398301.268303022       -141208950.96206179        48252274.416843951       -156124990.06283298     
   50611026.129131101       -140778847.96430326        51183181.666131578       -155727902.71841663     
   51820006.772813402       -140338330.11000797        54102794.649260432       -155123135.80745110     
   53025153.758641027       -139887429.98880377        56988450.766353816       -154312889.31697267     
   54226377.929519981       -139426180.95840132        59817885.200926006       -153301938.46686959     
   55423590.418567516       -138954617.14212620        62569523.552005805       -152097571.13475773     
   56616702.655685842       -138472773.42639476        65222765.359483138       -150709492.13437808     
   57805626.374114983       -137980685.45813295        67758254.781422168       -149149695.61060670     
   58990273.616962679       -137478389.64213932        70158134.851626739       -147432307.23489082     
   60170556.743711494       -136965923.13839161        72406281.962407321       -145573398.28343683     
   61346388.436702341       -136443323.85929784        74488517.478452593       -143590774.05149817     
   62517681.707594842       -135910630.46689123        76392793.689473659       -141503739.39577174     
   63684349.903801464       -135367882.36997053        78109351.647911176       -139332844.49872178     
   64846306.714899883       -134815119.72118384        79630848.809001088       -137099614.20963189     
   66003466.179016344       -134252383.41405877        80952454.788961574       -134826264.53391528     
   67155742.689187035       -133679715.07997653        82071913.977788940       -132535410.01178528     
   68303050.999689445       -133097157.08509262        82989574.180510983       -130249765.84762776     
   69445306.232350603       -132504752.52720201        83708380.909045085       -127991848.72066720     
   70582423.882825106       -131902545.23255114        84233837.400059879       -125783680.22493252     
   71714319.826847374       -131290579.75259553        84573930.886524960       -123646496.85182726     
   72840910.326455057       -130668901.36070378        84739026.095932379       -121600470.34226874     
   73962112.036183968       -130037556.04880835        84741727.380650565       -119664442.09853573     
   75077842.009233922       -129396590.52400303        84596711.299788952       -117855675.16042253     
   76188017.703605637       -128746052.20508733        84320531.861873537       -116189627.01853156     
   77292556.988206476       -128085989.21905883        83931400.998389408       -114679746.26256807     
   78391378.148926988       -127416450.39755240        83448947.165097877       -113337295.74797674     
   79484399.894686058       -126737485.27322780        82893955.256658688       -112171204.61433469     
   80571541.363444760       -126049144.07610515        82288091.266665816       -111187951.10818525     
   81652722.128188968       -125351477.72984871        81653615.326512948       -110391477.75651325     
   82727862.202878371       -124644537.84800024        81013086.909840226       -109783140.01016594     
   83796882.048365295       -123928376.73015957        80389066.092712849       -109361689.03485970     
   84859702.578277409       -123203047.35811649        79803814.811709166       -109123288.87681201     
   85916245.164870158       -122468603.39193031        79279002.062142015       -109061567.77643022     
   86966431.644842431       -121725099.16596062        78835416.926629364       -109167702.95288354     
   88010184.325119749       -120972589.68484740        78492693.220911548       -109430537.74070342     
   89047425.988601774       -120211130.61944176        78269049.390504748       -109836729.53265153     
   90078079.899874955       -119440778.30268750        78181047.090542972       -110370926.57657431     
   91102069.810889378       -118661589.72545344        78243371.634609357       -111015971.29321834     
   92119319.966599673       -117873622.53231734        78468637.209789574       -111753127.43200661     
   93129755.110569209       -117076935.01730138        78867219.428359479       -112562328.06722321     
   94133300.490538150       -116271586.11955911        79447117.425798863       -113422441.16203856     
   95129881.863952547       -115457635.41901606        80213847.324927241       -114311549.19599257     
   96119425.503458187       -114635143.13196085        81170368.472064108       -115207239.16596830     
   97101858.202353880       -113804170.10659127        82317043.418653995       -116086899.13380614     
   98077107.280007705       -112964777.81851235        83651632.176506355       -116928017.40731625     
   99045100.587234393       -112117028.36618808        85169320.822526097       -117708480.40669703     
   100005766.51163171       -111260984.46634831        86862784.075541452       -118406865.28571710     
   100959033.98288003       -110396709.44934762        88722281.019553393       -119002723.44622891     
   101904832.47799839       -109524267.25448146        90735782.710323349       -119476851.20475277     
   102843092.02656344       -108643722.42525476        92889129.981506735       -119811544.03940900     
   103773743.21588461       -107755140.10460773        95166219.368014216       -119990831.06214431     
   104696717.19613993       -106858586.03009632        97549214.693266973       -120000686.62214114     
   105611945.68546937       -105954126.52902891        100018781.52834985       -119829216.24807265     
   106519360.97502640       -105041828.51355943        102554341.42925063       -119466814.47548036     
   107418895.93398701       -104121759.47573720        105134342.59739201       -118906292.47655439     
   108310484.01451620       -103193987.48251386        107736543.39193904       -118142973.80807306     
   109194059.25669110       -102258581.17070779        110338304.95277341       -117174757.01396590     
   110069556.29338099       -101315609.74192593        112916889.07281125       -116002144.25634362     
   110936910.35508239       -100365142.95744522        115449757.38905735       -114628235.59711996     
   111796057.27471198       -99407251.133050248        117914867.94440475       -113058689.00561349     
   112646933.49235225       -98442005.133832827        120290965.20686096       -111301646.61979911     
   113489476.05995505       -97469476.368947878        122557859.71924022       -109367628.23417509     
   114323622.64599752       -96489736.786331639        124696693.68917206       -107269393.41969682     
   115149311.54009376       -95502858.867378563        126690189.01482122       -105021774.09514104     
   115966481.65756050       -94508915.621578723        128522874.47348194       -102641479.75918481     
   116775072.54393519       -93507980.581117630        130181289.07516669       -100146877.95325223     
   117575024.37944973       -92500127.795434982        131654158.89784357       -97557752.852017462     
   118366277.98345490       -91485431.825747401        132932545.07089069       -94895045.167093381     
   119148774.81879912       -90463967.739532098        134009960.95407234       -92180576.796004549     
   119922456.99615876       -89435811.104973227        134882456.96582043       -89436763.849851876     
   120687267.27832104       -88401037.985371530        135548671.94150293       -86686321.846427441     
   121443149.08441827       -87359724.933517024        136009850.34402120       -83951966.958912283     
   122190046.49411385       -86311948.986025661        136269825.09968507       -81256117.262352601     
   122927904.25173907       -85257787.657640249        136334966.28591380       -78620597.920124024     
   123656667.77038141       -84197318.935495287        136214096.34792551       -76066354.200614288     
   124376283.13592206       -83130621.273348793        135918372.96325049       -73613176.111022860     
   125086697.11102556       -82057773.585776418        135461141.09981883       -71279438.281872049     
   125787857.13907720       -80978855.242335349        134857756.21988583       -69081858.534596577     
   126479711.34807223       -79893946.061690614        134125380.96281213       -67035278.318015024     
   127162208.55445257       -78803126.305711448        133282757.98968330       -65152467.910934418     
   127835298.26689371       -77706476.673532948        132349961.98731463       -63443958.961308531     
   128498930.69004014       -76604078.295585945        131348134.10419616       -61917906.571655929     
   129153056.72818895       -75496012.727595136        130299202.32275890       -60579982.750552051     
   129797627.98892237       -74382361.944545135        129225591.45791744       -59433302.636107169     
   130432596.78668740       -73263208.334616527        128149926.60874106       -58478384.464894086     
   131057916.14632383       -72138634.693090439        127094733.97649160       -57713143.814485162     
   131673539.80653949       -71008724.216223329        126082142.99701621       -57132922.195494846     
   132279422.22333258       -69873560.495092183        125133593.71814649       -56730549.615751408     
   132875518.57336113       -68733227.509410352        124269553.28353219       -56496440.290934272     
   133461784.75725891       -67587809.621314794        123509245.26418115       -56418720.238615431     
   134038177.40289801       -66437391.569124982        122870395.40943025       -56483385.071921095     
   134604653.86859772       -65282058.461073406        122368997.17241409       -56674485.910514392     
   135161172.24627846       -64121895.769010514        122019100.10414721       -56974340.955578335     
   135707691.36456320       -62956989.322079703        121832623.90857428       -57363769.936809957     
   136244170.79182231       -61787425.300369576        121819200.61231875       -57822348.337631904     
   136770570.83916554       -60613290.228536516        121986046.93186659       -58328678.043830775     
   137286852.56337759       -59434670.969404891        122337868.52244128       -58860670.844115935     
   137792977.76979953       -58251654.717540294        122876797.37212151       -59395841.041495554     
   138288909.01515418       -57064328.992799044        123602363.16737303       -59911603.314149573     
   138774609.61031646       -55872781.633853376        124511499.00788747       -60385571.895196974     
   139250043.62302732       -54677100.791693278        125598581.39535181       -60795857.123363040     
   139715175.88055247       -53477374.923104562        126855503.96850124       -61121355.451232597     
   140169971.97228393       -52273692.784125522        128271784.01149561       -61342029.084117472     
   140614398.25228617       -51066143.423480280        129834700.33019319       -61439171.559392393     
   141048421.84178504       -49854816.175991021        131529460.67696610       -61395655.761682734     
   141472010.63160017       -48639800.655969024        133339396.51478495       -61196161.101057306     
   141885133.28452051       -47421186.750584945        135246182.55053964       -60827376.856344856     
   142287759.23762244       -46199064.613219045        137230078.14070851       -60278179.000208005     
   142679858.70453125       -44973524.656791054        139270187.38386574       -59539778.172538713     
   143061402.67762417       -43744657.547072709        141344734.46792752       -58605836.849463783     
   143432362.93017694       -42512554.195978448        143431350.63874343       -57472554.161729321     
   143792712.01845145       -41277305.754841708        145507369.00327435       -56138717.243135750     
   144142423.28372663       -40039003.607669622        147550123.27722946       -54605718.431344897     
   144481470.85427025       -38797739.364383824        149537246.53496805       -52877538.093998708     
   144809829.64725301       -37553604.854042485        151446966.01945215       -50960693.306679428     
   145127475.37060428       -36306692.118046895        153258390.12202439       -48864153.059859097     
   145434384.52480912       -35057093.403332189        154951783.74510217       -46599221.113662094     
   145730534.40464687       -33804901.155543081        156508828.41418782       -44179388.046175018     
   146015903.10087082       -32550208.012194026        157912863.70682800       -41620154.447554201     
   146290469.50182903       -31293106.795817282        159149106.81269646       -38938827.592940867     
   146554213.29502639       -30033690.507094108        160204847.32755402       -36154294.277148068     
   146807114.96862698       -28772052.317975927        161069614.71064004       -33286772.808668248     
   147049155.81289786       -27508285.564790968        161735316.19578585       -30357547.435537748     
   147280317.92159325       -26242483.741338644        162196343.33641779       -27388688.707436912     
   147500584.19327885       -24974740.491974343        162449645.77852383       -24402763.463980775     
   147709938.33259749       -23705149.604679596        162494771.28810823       -21422538.276037935     
   147908364.85147437       -22433805.004125744        162333871.50495502       -18470680.253327984     
   148095849.07026300       -21160800.744723234        161971673.34679183       -15569459.166274197     
   148272377.11883104       -19886231.003665570        161415416.44121400       -12740454.812775215     
   148437935.93758664       -18610190.073960092        160674757.41101828       -10004273.491319854     
   148592513.27844444       -17332772.357453585        159761642.27599102       -7380277.3217269219     
   148736097.70573178       -16054072.357847754        158690148.65492532       -4886329.9852435514     
   148868678.59703454       -14774184.673707956        157476299.85014600       -2538562.2390712872     
   148990246.14398327       -13493203.991464758        156137853.26786160       -351160.29945537262     
   149100791.35297850       -12211225.078409154        154694065.96631023        1663820.1143049467     
   149200306.04585642       -10928342.775680985        153165440.42549315        3496611.6211766601     
   149288782.86049357       -9644651.9912540279        151573453.89327386        5139862.8222924303     
   149366215.25135177       -8360247.6929126913        149940274.87934342        6588734.0631638775     
   149432597.48996213       -7075224.9012283925        148288470.53815207        7840960.0506331865     
   149487924.66534907       -5789678.6825279230        146640708.80212337        8896878.4983840138     
   149532192.68439347       -4503704.1418618718        145019459.19575271        9759424.4230954088     
   149565398.27213553       -3217396.4159680717        143446696.27858531        10434090.166603247     
   149587538.97201699       -1930850.6662334839        141943609.63039055        10928851.671698853     
   149598613.14606309       -644162.07165427145        140530324.20550820        11254061.984506795     
   149598619.97500345        642574.17820623587        139225634.74651796        11422313.388856078     
   149587559.45833287        1929262.8902582272        138046757.76185989        11448269.991982987     
   149565432.41431129        3215808.8749296814        137009104.34025532        11348472.970825572     
