   0.0000000000000000        149600000.00000000        0.0000000000000000     
   1.0000000000000000        149577866.69773370        2573284.7015072517     
   2.0000000000000000        149511473.34017363        5145807.9686814053     
   3.0000000000000000        149400839.57309863        7716808.5924976012     
   4.0000000000000000        149245998.13301411        10285525.814480787     
   5.0000000000000000        149046994.83746547        12851199.551813975     
   6.0000000000000000        148803888.57148069        15413070.622246567     
   7.0000000000000000        148516751.27014622        17970380.968736183     
   8.0000000000000000        148185667.89732152        20522373.883757595     
   9.0000000000000000        147810736.42049804        23068294.233212274     
   10.000000000000000        147392067.78181091        25607388.679872412     
   11.000000000000000        146929785.86521107        28138905.906293213     
   12.000000000000000        146424027.45980802        30662096.837127548     
   13.000000000000000        145874942.21939403        33176214.860777188     
   14.000000000000000        145282692.61816156        35680516.050314993     
   15.000000000000000        144647453.90262720        38174259.383612692     
   16.000000000000000        143969414.03977627        40656706.962609187     
   17.000000000000000        143248773.66144344        43127124.231654398     
   18.000000000000000        142485746.00494578        45584780.194864094     
   19.000000000000000        141680556.84998602        48028947.632421441     
   20.000000000000000        140833444.45184416        50458903.315761112     
   21.000000000000000        139944659.47087798        52873928.221572541     
   22.000000000000000        139014464.89835262        55273307.744558617     
   23.000000000000000        138043135.97862163        57656331.908887342     
   24.000000000000000        137030960.12768200        60022295.578273483     
   25.000000000000000        135978236.84812808        62370498.664628178     
   26.000000000000000        134885277.64052871        64700246.335214891     
   27.000000000000000        133752405.91125427        67010849.218250252     
   28.000000000000000        132579956.87678094        69301623.606888935     
   29.000000000000000        131368277.46450000        71571891.661532491     
   30.000000000000000        130117726.21006228        73820981.610401735     
   31.000000000000000        128828673.15128748        76048227.948314056     
   32.000000000000000        127501499.71867013        78252971.633606106     
   33.000000000000000        126136598.62251423        80434560.283144072     
   34.000000000000000        124734373.73673061        82592348.365363792     
   35.000000000000000        123295239.97933045        84725697.391283333     
   36.000000000000000        121819623.18965143        86833976.103431672     
   37.000000000000000        120307960.00235173        88916560.662637711     
   38.000000000000000        118760697.71821015        90972834.832624152     
   39.000000000000000        117178294.17176969        93002190.162351593     
   40.000000000000000        115561217.59586461        95004026.166059062     
   41.000000000000000        113909946.48307030        96977750.500947684     
   42.000000000000000        112224969.44411758        98922779.142454728     
   43.000000000000000        110506785.06331281        100838536.55706623     
   44.000000000000000        108755901.75100690        102724455.87261747     
   45.000000000000000        106972837.59315689        104579979.04603003     
   46.000000000000000        105158120.19802432        106404557.02843685     
   47.000000000000000        103312286.54005620        108197649.92764549     
   48.000000000000000        101435882.80099426        109958727.16789220     
   49.000000000000000        99529464.208260104        111687267.64683910     
   50.000000000000000        97593594.870663300        113382759.88976826     
   51.000000000000000        95628847.611481875        115044702.20092699     
   52.000000000000000        93635803.798964068        116672602.81197941     
   53.000000000000000        91615053.174301431        118265980.02752067     
   54.000000000000000        89567193.677124724        119824362.36761048     
   55.000000000000000        87492831.268573701        121347288.70728381     
   56.000000000000000        85392579.751993224        122834308.41299786     
   57.000000000000000        83267060.591309130        124284981.47597420     
   58.000000000000000        81116902.727137119        125698878.64239751     
   59.000000000000000        78942742.390679494        127075581.54043134     
   60.000000000000000        76745222.915464282        128414682.80401465     
   61.000000000000000        74524994.546983242        129715786.19340098     
   62.000000000000000        72282714.250284269        130978506.71240588     
   63.000000000000000        70019045.515575498        132202470.72232714     
   64.000000000000000        67734658.161898911        133387316.05250442     
   65.000000000000000        65430228.138930842        134532692.10748538     
   66.000000000000000        63106437.326968752        135638259.97076696     
   67.000000000000000        60763973.335162953        136703692.50508052     
   68.000000000000000        58403529.298053302        137728674.44919169     
   69.000000000000000        56025803.670470729        138712902.51118627     
   70.000000000000000        53631500.020864762        139656085.45821404     
   71.000000000000000        51221326.823117629        140557944.20266458     
   72.000000000000000        48795997.246907189        141418211.88474920     
   73.000000000000000        46356228.946680009        142236633.95146480     
   74.000000000000000        43902743.849297673        143012968.23191580     
   75.000000000000000        41436267.940418884        143746985.00897267     
   76.000000000000000        38957531.049680270        144438467.08724514     
   77.000000000000000        36467266.634740181        145087209.85735017     
   78.000000000000000        33966211.564248562        145693021.35645586     
   79.000000000000000        31455105.899807867        146255722.32508332     
   80.000000000000000        28934692.676988836        146775146.26014927     
   81.000000000000000        26405717.685466532        147251139.46423450     
   82.000000000000000        23868929.248341437        147683561.09106278     
   83.000000000000000        21325078.000710569        148072283.18717724     
   84.000000000000000        18774916.667555135        148417190.72980177     
   85.000000000000000        16219199.841008956        148718181.66087633     
   86.000000000000000        13658683.757075092        148975166.91725576     
   87.000000000000000        11094126.071855698        149188070.45706359     
   88.000000000000000        8526285.6373618506        149356829.28219292     
   89.000000000000000        5955922.2769693322        149481393.45694736     
   90.000000000000000        3383796.5605871631        149561726.12281713     
   91.000000000000000        810669.57960488531        149597803.50938547     
   92.000000000000000       -1762697.2783137697        149589614.94136223     
   93.000000000000000       -4335542.5545257078        149537162.84174278     
   94.000000000000000       -6907104.9447235717        149440462.73109093     
   95.000000000000000       -9476623.5242059045        149299543.22294649     
   96.000000000000000       -12043337.973034155        149114446.01535854     
   97.000000000000000       -14606488.801011436        148885225.87854689     
   98.000000000000000       -17165317.572415393        148611950.63869569     
   99.000000000000000       -19719067.130419247        148294701.15788364     
   100.00000000000000       -22266981.821134236        147933571.31015688     
   101.00000000000000       -24808307.717207469        147528667.95375177     
   102.00000000000000       -27342292.840908773        147080110.89947543     
   103.00000000000000       -29868187.386640798        146588032.87525389     
   104.00000000000000       -32385243.942806240        146052579.48685786     
   105.00000000000000       -34892717.712967016        145473909.17481801     
   106.00000000000000       -37389866.736228906        144852193.16754249     
   107.00000000000000       -39875952.106788009        144187615.43065044     
   108.00000000000000       -42350238.192572571        143480372.61253670     
   109.00000000000000       -44811992.852916338        142730673.98618343     
   110.00000000000000       -47260487.655199081        141938741.38723642     
   111.00000000000000       -49694998.090389229        141104809.14836392     
   112.00000000000000       -52114803.787426159        140229124.02991781     
   113.00000000000000       -54519188.726377875        139311945.14691693     
   114.00000000000000       -56907441.450310871        138353543.89237538     
   115.00000000000000       -59278855.275810488        137354203.85699710     
   116.00000000000000       -61632728.502087906        136314220.74526167     
   117.00000000000000       -63968364.618613489        135233902.28792527     
   118.00000000000000       -66285072.511214107        134113568.15096334     
   119.00000000000000       -68582166.666573688        132953549.84098135     
   120.00000000000000       -70858967.375076160        131754190.60712223     
   121.00000000000000       -73114800.931931704        130515845.33949891     
   122.00000000000000       -75348999.836525649        129238880.46418253     
   123.00000000000000       -77560902.989931747        127923673.83477695     
   124.00000000000000       -79749855.890531436        126570614.62061197     
   125.00000000000000       -81915210.827680320        125180103.19158825     
   126.00000000000000       -84056327.073365882        123752550.99970804     
   127.00000000000000       -86172571.071798548        122288380.45732647     
   128.00000000000000       -88263316.626881033        120788024.81215987     
   129.00000000000000       -90327945.087499231        119251928.01908790     
   130.00000000000000       -92365845.530581042        117680544.60878757     
   131.00000000000000       -94376414.941868663        116074339.55323730     
   132.00000000000000       -96359058.394349799        114433788.12813236     
   133.00000000000000       -98313189.224297032        112759375.77225035     
   134.00000000000000       -100238229.20486104        111051597.94381054     
   135.00000000000000       -102133608.71716790        109310959.97386742     
   136.00000000000000       -103998766.91886938        107537976.91678360     
   137.00000000000000       -105833151.91009574        105733173.39782535     
   138.00000000000000       -107636220.89676295        103897083.45792605     
   139.00000000000000       -109407440.35118537        102030250.39566362     
   140.00000000000000       -111146286.16994628        100133226.60649863     
   141.00000000000000       -112852243.82898030        98206573.419320449     
   142.00000000000000       -114524808.53582047        96250860.930350453     
   143.00000000000000       -116163485.37896657        94266667.834450454     
   144.00000000000000       -117767789.47432923        92254581.253887162     
   145.00000000000000       -119337246.10870701        90215196.564602643     
   146.00000000000000       -120871390.88025382        88149117.220043048     
   147.00000000000000       -122369769.83589558        86056954.572596505     
   148.00000000000000       -123831939.60565449        83939327.692694440     
   149.00000000000000       -125257467.53384228        81796863.185628608     
   150.00000000000000       -126645931.80708307        79630195.006138623     
   151.00000000000000       -127996921.57912754        77439964.270825148     
   152.00000000000000       -129310037.09242244        75226819.068443507     
   153.00000000000000       -130584889.79639868        72991414.268134385     
   154.00000000000000       -131821102.46244338        70734411.325648293     
   155.00000000000000       -133018309.29552181        68456478.087620705     
   156.00000000000000       -134176156.04241587        66158288.593956739     
   157.00000000000000       -135294300.09654763        63840522.878382720     
   158.00000000000000       -136372410.59935659        61503866.767224453     
   159.00000000000000       -137410168.53820056        59149011.676471122     
   160.00000000000000       -138407266.84075147        56776654.407185920     
   161.00000000000000       -139363410.46585798        54387496.939322256     
   162.00000000000000       -140278316.49084812        51982246.224008508     
   163.00000000000000       -141151714.19524601        49561613.974361099     
   164.00000000000000       -141983345.14087796        47126316.454888873     
   165.00000000000000       -142772963.24834433        44677074.269550361     
   166.00000000000000       -143520334.86983436        42214612.148527525     
   167.00000000000000       -144225238.85826236        39739658.733778425     
   168.00000000000000       -144887466.63270536        37252946.363431349     
   169.00000000000000       -145506822.24012181        34755210.855087444     
   170.00000000000000       -146083122.41333443        32247191.288091265     
   171.00000000000000       -146616196.62525851        29729629.784838144     
   172.00000000000000       -147105887.13936114        27203271.291180104     
   173.00000000000000       -147552049.05633530        24668863.355996326     
   174.00000000000000       -147954550.35697556        22127155.909994036     
   175.00000000000000       -148313271.94124246        19578901.043803982     
   176.00000000000000       -148628107.66350424        17024852.785436727     
   177.00000000000000       -148898964.36394534        14465766.877166735     
   178.00000000000000       -149125761.89613235        11902400.551907090     
   179.00000000000000       -149308433.15072924        9335512.3091462385     
   180.00000000000000       -149446924.07535505        6765861.6905062543     
   181.00000000000000       -149541193.69057807        4194209.0549961091     
   182.00000000000000       -149591214.10204148        1621315.3540209592     
   183.00000000000000       -149596970.50871739       -952058.09378306172     
   184.00000000000000       -149558461.20728645       -3525149.8278227812     
   185.00000000000000       -149475697.59264177       -6097198.4708641954     
   186.00000000000000       -149348704.15451732       -8667442.9543237463     
   187.00000000000000       -149177518.47024140       -11235122.743467867     
   188.00000000000000       -148962191.19361731       -13799478.062455839     
   189.00000000000000       -148702786.03993520       -16359750.119156791     
   190.00000000000000       -148399379.76711854       -18915181.329676080     
   191.00000000000000       -148052062.15301153       -21465015.542524353     
   192.00000000000000       -147660935.96881381       -24008498.262362551     
   193.00000000000000       -147226116.94867063       -26544876.873256754     
   194.00000000000000       -146747733.75542682       -29073400.861377716     
   195.00000000000000       -146225927.94255602       -31593322.037076298     
   196.00000000000000       -145660853.91227442       -34103894.756274492     
   197.00000000000000       -145052678.86985368       -36604376.141099580     
   198.00000000000000       -144401582.77414465       -39094026.299702793     
   199.00000000000000       -143707758.28432766       -41572108.545192391     
   200.00000000000000       -142971410.70290476       -44037889.613619372     
   201.00000000000000       -142192757.91495076       -46490639.880950309     
   202.00000000000000       -141372030.32364097       -48929633.578962550     
   203.00000000000000       -140509470.78207511       -51354149.009999007     
   204.00000000000000       -139605334.52141696       -53763468.760518655     
   205.00000000000000       -138659889.07537183       -56156879.913378187     
   206.00000000000000       -137673414.20102289       -58533674.258785352     
   207.00000000000000       -136646201.79605174       -60893148.503856346     
   208.00000000000000       -135578555.81236538       -63234604.480721794     
   209.00000000000000       -134470792.16615731       -65557349.353113152     
   210.00000000000000       -133323238.64442779       -67860695.821373358     
   211.00000000000000       -132136234.80799182       -70143962.325828522     
   212.00000000000000       -130910131.89100327       -72406473.248461232     
   213.00000000000000       -129645292.69702451       -74647559.112825960     
   214.00000000000000       -128342091.49167311       -76866556.782146856     
   215.00000000000000       -127000913.89187694       -79062809.655539453     
   216.00000000000000       -125622156.75176962       -81235667.862299398     
   217.00000000000000       -124206228.04526225       -83384488.454198167     
   218.00000000000000       -122753546.74532321       -85508635.595732391     
   219.00000000000000       -121264542.70000479       -87607480.752266333     
   220.00000000000000       -119739656.50525101       -89680402.876015782     
   221.00000000000000       -118179339.37452538       -91726788.589815766     
   222.00000000000000       -116584053.00529695       -93746032.368618742     
   223.00000000000000       -114954269.44242424       -95737536.718669191     
   224.00000000000000       -113290470.93847691       -97700712.354302317     
   225.00000000000000       -111593149.81103802       -99634978.372312725     
   226.00000000000000       -109862808.29702663       -101539762.42384447     
   227.00000000000000       -108099958.40408666       -103414500.88374808     
   228.00000000000000       -106305121.75908341       -105258639.01735784     
   229.00000000000000       -104478829.45375457       -107071631.14463729     
   230.00000000000000       -102621621.88756035       -108852940.80164574     
   231.00000000000000       -100734048.60777929       -110602040.89927797     
   232.00000000000000       -98816668.146897346       -112318413.87922981     
   233.00000000000000       -96870047.857338384       -114001551.86714333     
   234.00000000000000       -94894763.743584469       -115650956.82288706     
   235.00000000000000       -92891400.291736603       -117266140.68792559     
   236.00000000000000       -90860550.296565354       -118846625.52973610     
   237.00000000000000       -88802814.686102569       -120391943.68322876     
   238.00000000000000       -86718802.343827680       -121901637.88912825     
   239.00000000000000       -84609129.928498656       -123375261.42927694     
   240.00000000000000       -82474421.691683039       -124812378.25881872     
   241.00000000000000       -80315309.293042123       -126212563.13522430     
   242.00000000000000       -78132431.613422439       -127575401.74412097     
   243.00000000000000       -75926434.565812305       -128900490.82188718     
   244.00000000000000       -73697970.904214680       -130187438.27497923     
   245.00000000000000       -71447700.030499130       -131435863.29595059     
   246.00000000000000       -69176287.799283370       -132645396.47613376     
   247.00000000000000       -66884406.320908211       -133815679.91494741     
   248.00000000000000       -64572733.762559734       -134946367.32579941     
   249.00000000000000       -62241954.147599913       -136037124.13855296     
   250.00000000000000       -59892757.153164223       -137087627.59852582     
   251.00000000000000       -57525837.906086504       -138097566.86199310     
   252.00000000000000       -55141896.777210429       -139066643.08816645     
   253.00000000000000       -52741639.174151346       -139994569.52761999     
   254.00000000000000       -50325775.332564555       -140881071.60714045     
   255.00000000000000       -47895020.105988175       -141725887.01097265     
   256.00000000000000       -45450092.754317448       -142528765.75843889     
   257.00000000000000       -42991716.730976082       -143289470.27790812     
   258.00000000000000       -40520619.468846567       -144007775.47709337     
   259.00000000000000       -38037532.165022902       -144683468.80965650     
   260.00000000000000       -35543189.564449728       -145316350.33810061     
   261.00000000000000       -33038329.742510930       -145906232.79293150     
   262.00000000000000       -30523693.886634100       -146452941.62807059     
   263.00000000000000       -28000026.076972809       -146956315.07250324     
   264.00000000000000       -25468073.066233762       -147416204.17814648     
   265.00000000000000       -22928584.058712292       -147832472.86392313     
   266.00000000000000       -20382310.488603789       -148204997.95602763     
   267.00000000000000       -17830005.797653977       -148533669.22437358     
   268.00000000000000       -15272425.212215800       -148818389.41521063     
   269.00000000000000       -12710325.519778267       -149059074.27990177     
   270.00000000000000       -10144464.845032681       -149255652.59985265     
   271.00000000000000       -7575602.4255443821       -149408066.20758495     
   272.00000000000000       -5004498.3870946644       -149516270.00394830     
   273.00000000000000       -2431913.5187585456       -149580231.97146499     
   274.00000000000000        141390.95221121187       -149599933.18380404     
   275.00000000000000        2714653.5856315987       -149575367.81138134     
   276.00000000000000        5287112.9536998561       -149506543.12308481     
   277.00000000000000        7858007.8662984576       -149393479.48412338     
   278.00000000000000        10426577.596232409       -149236210.35000098     
   279.00000000000000        12992062.104327451       -149034782.25661719     
   280.00000000000000        15553702.264326129       -148789254.80649701     
   281.00000000000000        18110740.087512419       -148499700.65115476     
   282.00000000000000        20662418.947000273       -148166205.46959636     
   283.00000000000000        23207983.801620509       -147788867.94296694     
   284.00000000000000        25746681.419336032       -147367799.72535118     
   285.00000000000000        28277760.600123502       -146903125.41073489     
   286.00000000000000        30800472.398253787       -146394982.49613750     
   287.00000000000000        33314070.343903515       -145843521.34092706     
   288.00000000000000        35817810.664036497       -145248905.12232867     
   289.00000000000000        38310952.502485864       -144611309.78714034     
   290.00000000000000        40792758.139172554       -143930923.99967065     
   291.00000000000000        43262493.208397068       -143207949.08591282     
   292.00000000000000        45719426.916137822       -142442598.97397244     
   293.00000000000000        48162832.256293446       -141635100.13076609     
   294.00000000000000        50591986.225802943       -140785691.49501014     
   295.00000000000000        53006170.038582638       -139894624.40651846     
   296.00000000000000        55404669.338214703       -138962162.53183126     
   297.00000000000000        57786774.409324996       -137988581.78619629     
   298.00000000000000        60151780.387587622       -136974170.25192535     
   299.00000000000000        62498987.468294546       -135919228.09315082     
   300.00000000000000        64827701.113426961       -134824067.46700746     
   301.00000000000000        67137232.257169455       -133689012.43126485     
   302.00000000000000        69426897.509803817       -132514398.84843910     
   303.00000000000000        71696019.359924972       -131300574.28641073     
   304.00000000000000        73943926.374915302       -130047897.91557994     
   305.00000000000000        76169953.399621919       -128756740.40258795     
   306.00000000000000        78373441.753176302       -127427483.80063652     
   307.00000000000000        80553739.423896670       -126060521.43643923     
   308.00000000000000        82710201.262219220       -124656257.79383558     
   309.00000000000000        84842189.171597421       -123215108.39410433     
   310.00000000000000        86949072.297314256       -121737499.67301127     
   311.00000000000000        89030227.213152424       -120223868.85462660     
   312.00000000000000        91085038.105865419       -118674663.82195082     
   313.00000000000000        93112896.957397565       -117090342.98438561     
   314.00000000000000        95113203.724795341       -115471375.14209127     
   315.00000000000000        97085366.517760426       -113818239.34726860     
   316.00000000000000        99028801.773790151       -112131424.76240715     
   317.00000000000000        100942934.43085289       -110411430.51554279     
   318.00000000000000        102827198.09754923       -108658765.55256537     
   319.00000000000000        104681035.22070692       -106873948.48662192     
   320.00000000000000        106503897.25036064       -105057507.44465919     
   321.00000000000000        108295244.80206826       -103209979.91115059     
   322.00000000000000        110054547.81651354       -101331912.56905563     
   323.00000000000000        111781285.71635190       -99423861.138055310     
   324.00000000000000        113474947.56024805       -97486390.210115775     
   325.00000000000000        115135032.19406383       -95520073.082425386     
   326.00000000000000        116761048.39914994       -93525491.587755710     
   327.00000000000000        118352515.03769651       -91503235.922298506     
   328.00000000000000        119908961.19510254       -89453904.471025690     
   329.00000000000000        121429926.31931920       -87378103.630627677     
   330.00000000000000        122914960.35712676       -85276447.630081072     
   331.00000000000000        124363623.88730556       -83149558.348898068     
   332.00000000000000        125775488.25066033       -80998065.133112937     
   333.00000000000000        127150135.67686062       -78822604.609058291     
   334.00000000000000        128487159.40805921       -76623820.494986966     
   335.00000000000000        129786163.81925085       -74402363.410597265     
   336.00000000000000        131046764.53533834       -72158890.684513673     
   337.00000000000000        132268588.54486842       -69894066.159784272     
   338.00000000000000        133451274.31040658       -67608559.997448683     
   339.00000000000000        134594471.87551510       -65303048.478238560     
   340.00000000000000        135697842.96830550       -62978213.802465871     
   341.00000000000000        136761061.10153300       -60634743.888159998     
   342.00000000000000        137783811.66920409       -58273332.167512983     
   343.00000000000000        138765792.03966820       -55894677.381693132     
   344.00000000000000        139706711.64516655       -53499483.374087743     
   345.00000000000000        140606292.06781095       -51088458.882035576     
   346.00000000000000        141464267.12196767       -48662317.327112332     
   347.00000000000000        142280382.93302155       -46221776.604028925     
   348.00000000000000        143054398.01249754       -43767558.868206710     
   349.00000000000000        143786083.32951716       -41300390.322091997     
   350.00000000000000        144475222.37856862       -38821001.000272393     
   351.00000000000000        145121611.24357066       -36330124.553460427     
   352.00000000000000        145725058.65821132       -33828498.031406417     
   353.00000000000000        146285386.06254369       -31316861.664805274     
   354.00000000000000        146802427.65582174       -28795958.646261908     
   355.00000000000000        147276030.44556054       -26266534.910382099     
   356.00000000000000        147706054.29280698       -23729338.913049348     
   357.00000000000000        148092371.95360643       -21185121.409958538     
   358.00000000000000        148434869.11665481       -18634635.234464854     
   359.00000000000000        148733444.43712270       -16078635.074823219     
   360.00000000000000        148988009.56664357       -13517877.250874888     
   361.00000000000000        149198489.17945600       -10953119.490252862     
   362.00000000000000        149364820.99469236       -8385120.7041704487     
   363.00000000000000        149486955.79480803       -5814640.7628596295     
   364.00000000000000        149564857.44014460       -3242440.2707256214     
   365.00000000000000        149598502.87962368       -669280.34128449461     
   366.00000000000000        149587882.15756768        1904077.6280514759     
