   0.0000000000000000        1.0000000000000000     
  0.10000000149011612        1.1000000014901161     
  0.20000000298023224        1.2000000029802322     
  0.30000001192092896        1.3000000119209290     
  0.40000000596046448        1.4000000059604645     
  0.50000000000000000        1.5000000000000000     
  0.60000002384185791        1.6000000238418579     
  0.69999998807907104        1.6999999880790710     
  0.80000001192092896        1.8000000119209290     
  0.90000003576278687        1.9000000357627869     
   1.0000000000000000        2.0000000000000000     
   1.1000000238418579        2.1000000238418579     
   1.2000000476837158        2.2000000476837158     
   1.3000000715255737        2.3000000715255737     
   1.3999999761581421        2.3999999761581421     
   1.5000000000000000        2.5000000000000000     
   1.6000000238418579        2.6000000238418579     
   1.7000000476837158        2.7000000476837158     
   1.8000000715255737        2.8000000715255737     
   1.8999999761581421        2.8999999761581421     
   2.0000000000000000        3.0000000000000000     
   2.1000001430511475        3.1000001430511475     
   2.2000000476837158        3.2000000476837158     
   2.2999999523162842        3.2999999523162842     
   2.4000000953674316        3.4000000953674316     
   2.5000000000000000        3.5000000000000000     
   2.6000001430511475        3.6000001430511475     
   2.7000000476837158        3.7000000476837158     
   2.7999999523162842        3.7999999523162842     
   2.9000000953674316        3.9000000953674316     
   3.0000000000000000        4.0000000000000000     
   3.1000001430511475        4.1000001430511475     
   3.2000000476837158        4.2000000476837158     
   3.2999999523162842        4.2999999523162842     
   3.4000000953674316        4.4000000953674316     
   3.5000000000000000        4.5000000000000000     
   3.6000001430511475        4.6000001430511475     
   3.7000000476837158        4.7000000476837158     
   3.7999999523162842        4.7999999523162842     
   3.9000000953674316        4.9000000953674316     
   4.0000000000000000        5.0000000000000000     
   4.0999999046325684        5.0999999046325684     
   4.2000002861022949        5.2000002861022949     
   4.3000001907348633        5.3000001907348633     
   4.4000000953674316        5.4000000953674316     
   4.5000000000000000        5.5000000000000000     
   4.5999999046325684        5.5999999046325684     
   4.7000002861022949        5.7000002861022949     
   4.8000001907348633        5.8000001907348633     
   4.9000000953674316        5.9000000953674316     
   5.0000000000000000        6.0000000000000000     
   5.0999999046325684        6.0999999046325684     
   5.2000002861022949        6.2000002861022949     
   5.3000001907348633        6.3000001907348633     
   5.4000000953674316        6.4000000953674316     
   5.5000000000000000        6.5000000000000000     
   5.5999999046325684        6.5999999046325684     
   5.7000002861022949        6.7000002861022949     
   5.8000001907348633        6.8000001907348633     
   5.9000000953674316        6.9000000953674316     
   6.0000000000000000        7.0000000000000000     
   6.0999999046325684        7.0999999046325684     
   6.2000002861022949        7.2000002861022949     
   6.3000001907348633        7.3000001907348633     
   6.4000000953674316        7.4000000953674316     
   6.5000000000000000        7.5000000000000000     
   6.5999999046325684        7.5999999046325684     
   6.7000002861022949        7.7000002861022949     
   6.8000001907348633        7.8000001907348633     
   6.9000000953674316        7.9000000953674316     
   7.0000000000000000        8.0000000000000000     
   7.0999999046325684        8.0999999046325684     
   7.2000002861022949        8.2000002861022949     
   7.3000001907348633        8.3000001907348633     
   7.4000000953674316        8.4000000953674316     
   7.5000000000000000        8.5000000000000000     
   7.5999999046325684        8.5999999046325684     
   7.7000002861022949        8.7000002861022949     
   7.8000001907348633        8.8000001907348633     
   7.9000000953674316        8.9000000953674316     
   8.0000000000000000        9.0000000000000000     
   8.1000003814697266        9.1000003814697266     
   8.1999998092651367        9.1999998092651367     
   8.3000001907348633        9.3000001907348633     
   8.4000005722045898        9.4000005722045898     
   8.5000000000000000        9.5000000000000000     
   8.6000003814697266        9.6000003814697266     
   8.6999998092651367        9.6999998092651367     
   8.8000001907348633        9.8000001907348633     
   8.9000005722045898        9.9000005722045898     
   9.0000000000000000        10.000000000000000     
   9.1000003814697266        10.100000381469727     
   9.1999998092651367        10.199999809265137     
   9.3000001907348633        10.300000190734863     
   9.4000005722045898        10.400000572204590     
   9.5000000000000000        10.500000000000000     
   9.6000003814697266        10.600000381469727     
   9.6999998092651367        10.699999809265137     
   9.8000001907348633        10.800000190734863     
   9.9000005722045898        10.900000572204590     
   10.000000000000000        11.000000000000000     
 
 
   0.0000000000000000        1.0000000000000000     
  0.10000000149011612        1.1051666683132451     
  0.20000000298023224        1.2213333369692165     
  0.30000001192092896        1.3495000160336494     
  0.40000000596046448        1.4906666754881541     
  0.50000000000000000        1.6458333333333333     
  0.60000002384185791        1.8160000424385074     
  0.69999998807907104        2.0021666434804599     
  0.80000001192092896        2.2053333586057029     
  0.90000003576278687        2.4265000824332250     
   1.0000000000000000        2.6666666666666665     
   1.1000000238418579        2.9268333978255594     
   1.2000000476837158        3.2080001392364528     
   1.3000000715255737        3.5111668916146019     
   1.3999999761581421        3.8373332527478543     
   1.5000000000000000        4.1875000000000000     
   1.6000000238418579        4.5626667591730765     
   1.7000000476837158        4.9638335309823383     
   1.8000000715255737        5.3920003161430428     
   1.8999999761581421        5.8481665544907262     
   2.0000000000000000        6.3333333333333330     
   2.1000001430511475        6.8485007588863693     
   2.2000000476837158        7.3946669346491536     
   2.2999999523162842        7.9728330498536462     
   2.4000000953674316        8.5840005989074868     
   2.5000000000000000        9.2291666666666661     
   2.6000001430511475        9.9093343318303795     
   2.7000000476837158        10.625500350236896     
   2.7999999523162842        11.378666298548385     
   2.9000000953674316        12.169834106286384     
   3.0000000000000000        13.000000000000000     
   3.1000001430511475        13.870167940537176     
   3.2000000476837158        14.781333777745569     
   3.2999999523162842        15.734499535322193     
   3.4000000953674316        16.730667637507139     
   3.5000000000000000        17.770833333333332     
   3.6000001430511475        18.856001585006762     
   3.7000000476837158        19.987167217175170     
   3.7999999523162842        21.165332760175076     
   3.9000000953674316        22.391501192569756     
   4.0000000000000000        23.666666666666664     
   4.0999999046325684        24.991832045396194     
   4.2000002861022949        26.368004011154390     
   4.3000001907348633        27.796169440905352     
   4.4000000953674316        29.277334771474230     
   4.5000000000000000        30.812500000000000     
   4.5999999046325684        32.402665123621645     
   4.7000002861022949        34.048838124116500     
   4.8000001907348633        35.752003303527943     
   4.9000000953674316        37.513168374220555     
   5.0000000000000000        39.333333333333329     
   5.0999999046325684        41.213498178005253     
   5.2000002861022949        43.154672308604177     
   5.3000001907348633        45.157837213834242     
   5.4000000953674316        47.224002000808738     
   5.5000000000000000        49.354166666666671     
   5.5999999046325684        51.549331208546988     
   5.7000002861022949        53.810506564617427     
   5.8000001907348633        56.138671171824264     
   5.9000000953674316        58.534835651238787     
   6.0000000000000000        61.000000000000000     
   6.0999999046325684        63.535164215246873     
   6.2000002861022949        66.141340892156251     
   6.3000001907348633        68.819505177498002     
   6.4000000953674316        71.570669325510693     
   6.5000000000000000        74.395833333333343     
   6.5999999046325684        77.295997198104885     
   6.7000002861022949        80.272175291220663     
   6.8000001907348633        83.325339230855434     
   6.9000000953674316        86.456503023624464     
   7.0000000000000000        89.666666666666657     
   7.0999999046325684        92.956830157121061     
   7.2000002861022949        96.328009761810648     
   7.3000001907348633        99.781173331896611     
   7.4000000953674316        103.31733674558008     
   7.5000000000000000        106.93750000000000     
   7.5999999046325684        110.64266309229536     
   7.7000002861022949        114.43384430392619     
   7.8000001907348633        118.31200748062149     
   7.9000000953674316        122.27817049137755     
   8.0000000000000000        126.33333333333333     
   8.1000003814697266        130.47851598548954     
   8.1999998092651367        134.71465849940000     
   8.3000001907348633        139.04284167703008     
   8.4000005722045898        143.46402556610263     
   8.5000000000000000        147.97916666666669     
   8.6000003814697266        152.58935110219392     
   8.6999998092651367        157.29549093151110     
   8.8000001907348633        162.09867592112244     
   8.9000005722045898        166.99986166032318     
   9.0000000000000000        172.00000000000000     
   9.1000003814697266        177.10018631426567     
   9.1999998092651367        182.30132331593850     
   9.3000001907348633        187.60451021289845     
   9.4000005722045898        193.01069789759489     
   9.5000000000000000        198.52083333333334     
   9.6000003814697266        204.13602162170488     
   9.6999998092651367        209.85715565268217     
   9.8000001907348633        215.68534455235820     
   9.9000005722045898        221.62153427791773     
   10.000000000000000        227.66666666666666     
 
 
   0.0000000000000000        1.0000000000000000     
  0.10000000149011612        1.1051709183134997     
  0.20000000298023224        1.2214026703067222     
  0.30000001192092896        1.3498577660913169     
  0.40000000596046448        1.4918186755580902     
  0.50000000000000000        1.6486979166666667     
  0.60000002384185791        1.8220480434255604     
  0.69999998807907104        2.0135713926797210     
  0.80000001192092896        2.2251306931597394     
  0.90000003576278687        2.4587583377560689     
   1.0000000000000000        2.7166666666666663     
   1.1000000238418579        3.0012584879022648     
   1.2000000476837158        3.3151361570892370     
   1.3000000715255737        3.6611121763167271     
   1.3999999761581421        4.0422185713612251     
   1.5000000000000000        4.4617187500000002     
   1.6000000238418579        4.9231147819595353     
   1.7000000476837158        5.4301591699548224     
   1.8000000715255737        5.9868644169511924     
   1.8999999761581421        6.5975122642892821     
   2.0000000000000000        7.2666666666666666     
   2.1000001430511475        7.9991803456055628     
   2.2000000476837158        8.8002030658143440     
   2.2999999523162842        9.6751989808929455     
   2.4000000953674316        10.629952950470010     
   2.5000000000000000        11.670572916666666     
   2.6000001430511475        12.803516356587194     
   2.7000000476837158        14.035580362251174     
   2.7999999523162842        15.373930001968397     
   2.9000000953674316        16.826101358320688     
   3.0000000000000000        18.399999999999999     
   3.1000001430511475        20.103935951271477     
   3.2000000476837158        21.946603579828913     
   3.2999999523162842        23.937119264099259     
   3.4000000953674316        26.085020793239664     
   3.5000000000000000        28.400260416666669     
   3.6000001430511475        30.893251698501778     
   3.7000000476837158        33.574835242091403     
   3.7999999523162842        36.456329243145646     
   3.9000000953674316        39.549523804698808     
   4.0000000000000000        42.866666666666660     
   4.0999999046325684        46.420517410403292     
   4.2000002861022949        50.224347253377090     
   4.3000001907348633        54.291882435384146     
   4.4000000953674316        58.637422948130428     
   4.5000000000000000        63.275781250000001     
   4.5999999046325684        68.222309797326545     
   4.7000002861022949        73.492936975150485     
   4.8000001907348633        79.104075037903485     
   4.9000000953674316        85.072780784927303     
   5.0000000000000000        91.416666666666657     
   5.0999999046325684        98.153935131325198     
   5.2000002861022949        105.30342372944310     
   5.3000001907348633        112.88447680063155     
   5.4000000953674316        120.91715988244268     
   5.5000000000000000        129.42213541666666     
   5.5999999046325684        138.42070584266179     
   5.7000002861022949        147.93487022904355     
   5.8000001907348633        157.98715036781161     
   5.9000000953674316        168.60087281399029     
   6.0000000000000000        179.80000000000001     
   6.0999999046325684        191.60918435563843     
   6.2000002861022949        204.05383920462180     
   6.3000001907348633        217.15990839560777     
   6.4000000953674316        230.95423215884432     
   6.5000000000000000        245.46432291666667     
   6.5999999046325684        260.71843308859673     
   6.7000002861022949        276.74564340472926     
   6.8000001907348633        293.57556355210511     
   6.9000000953674316        311.23880050223943     
   7.0000000000000000        329.76666666666665     
   7.0999999046325684        349.19126445391788     
   7.2000002861022949        369.54559559579866     
   7.3000001907348633        390.86317851730985     
   7.4000000953674316        413.17864043537065     
   7.5000000000000000        436.52734375000000     
   7.5999999046325684        460.94549085802248     
   7.7000002861022949        486.47025856214412     
   7.8000001907348633        513.13931598314878     
   7.9000000953674316        540.99156455539355     
   8.0000000000000000        570.06666666666661     
   8.1000003814697266        600.40532244452754     
   8.1999998092651367        632.04854104047638     
   8.3000001907348633        665.03928865346984     
   8.4000005722045898        699.42055279256510     
   8.5000000000000000        735.23619791666670     
   8.6000003814697266        772.53205981949463     
   8.6999998092651367        811.35352921845572     
   8.8000001907348633        851.74840924404202     
   8.9000005722045898        893.76437006392462     
   9.0000000000000000        937.45000000000005     
   9.1000003814697266        982.85613497199665     
   9.1999998092651367        1030.0329109616528     
   9.3000001907348633        1079.0332404825544     
   9.4000005722045898        1129.9097152533454     
   9.5000000000000000        1182.7158854166667     
   9.6000003814697266        1237.5078608717190     
   9.6999998092651367        1294.3407485328410     
   9.8000001907348633        1353.2728451086186     
   9.9000005722045898        1414.3619015868117     
   10.000000000000000        1477.6666666666665     
 
 
   0.0000000000000000        1.0000000000000000     
  0.10000000149011612        1.1051709197222299     
  0.20000000298023224        1.2214027617353020     
  0.30000001192092896        1.3498588219844276     
  0.40000000596046448        1.4918246895268867     
  0.50000000000000000        1.6487211681547618     
  0.60000002384185791        1.8221183977282691     
  0.69999998807907104        2.0137511341888543     
  0.80000001192092896        2.2255363922442508     
  0.90000003576278687        2.4595913506370173     
   1.0000000000000000        2.7182539682539684     
   1.1000000238418579        3.0041056398880501     
   1.2000000476837158        3.3199943068471893     
   1.3000000715255737        3.6690610906561321     
   1.3999999761581421        4.0547677967100002     
   1.5000000000000000        4.4809291294642861     
   1.6000000238418579        4.9517425738047738     
   1.7000000476837158        5.4718252189215866     
   1.8000000715255737        6.0462508544498510     
   1.8999999761581421        6.6805893095777265     
   2.0000000000000000        7.3809523809523805     
   2.1000001430511475        8.1540359075820490     
   2.2000000476837158        9.0071664106272902     
   2.2999999523162842        9.9483604073584253     
   2.4000000953674316        10.986375256206626     
   2.5000000000000000        12.130758618551587     
   2.6000001430511475        13.391927561505074     
   2.7000000476837158        14.781211147962171     
   2.7999999523162842        16.310938826110654     
   2.9000000953674316        17.994504552080148     
   3.0000000000000000        19.846428571428568     
   3.1000001430511475        21.882465670892721     
   3.2000000476837158        24.119652713797176     
   3.2999999523162842        26.576428562880071     
   3.4000000953674316        29.272713011008214     
   3.5000000000000000        32.229980468750000     
   3.6000001430511475        35.471406177516968     
   3.7000000476837158        39.021913579683911     
   3.7999999523162842        42.908335266029809     
   3.9000000953674316        47.159506534417922     
   4.0000000000000000        51.806349206349203     
   4.0999999046325684        56.882054962689459     
   4.2000002861022949        62.422200870445096     
   4.3000001907348633        68.464783758852292     
   4.4000000953674316        75.050516084662206     
   4.5000000000000000        82.222865513392861     
   4.5999999046325684        90.028228332865837     
   4.7000002861022949        98.516125168759942     
   4.8000001907348633        107.73919492218998     
   4.9000000953674316        117.75360186554468     
   5.0000000000000000        128.61904761904759     
   5.0999999046325684        140.39898608877752     
   5.2000002861022949        153.16086880527124     
   5.3000001907348633        166.97608493166214     
   5.4000000953674316        181.92052000433435     
   5.5000000000000000        198.07451791914684     
   5.5999999046325684        215.52314602080455     
   5.7000002861022949        234.35650138965195     
   5.8000001907348633        254.66956464762256     
   5.9000000953674316        276.56296423527084     
   6.0000000000000000        300.14285714285717     
   6.0999999046325684        325.52125497187080     
   6.2000002861022949        352.81640538494105     
   6.3000001907348633        382.15251600678630     
   6.4000000953674316        413.66079508455937     
   6.5000000000000000        447.47920851934532     
   6.5999999046325684        483.75288048518570     
   6.7000002861022949        522.63456783187803     
   6.8000001907348633        564.28419622793729     
   6.9000000953674316        608.87026905685559     
   7.0000000000000000        656.56944444444434     
   7.0999999046325684        707.56702745049699     
   7.2000002861022949        762.05755957770714     
   7.3000001907348633        820.24409202061713     
   7.4000000953674316        882.34008032324175     
   7.5000000000000000        948.56870814732144     
   7.5999999046325684        1019.1634922488515     
   7.7000002861022949        1094.3690145094522     
   7.8000001907348633        1174.4398362967918     
   7.9000000953674316        1259.6430274106910     
   8.0000000000000000        1350.2571428571428     
   8.1000003814697266        1446.5734402371127     
   8.1999998092651367        1548.8939185717250     
   8.3000001907348633        1657.5369998855012     
   8.4000005722045898        1772.8316835582423     
   8.5000000000000000        1895.1206209697420     
   8.6000003814697266        2024.7643419897906     
   8.6999998092651367        2162.1333660457744     
   8.8000001907348633        2307.6185707504883     
   8.9000005722045898        2461.6226754011468     
   9.0000000000000000        2624.5642857142857     
   9.1000003814697266        2796.8834115676818     
   9.1999998092651367        2979.0308641799757     
   9.3000001907348633        3171.4819332108045     
   9.4000005722045898        3374.7249803937048     
   9.5000000000000000        3589.2667178199404     
   9.6000003814697266        3815.6393500603658     
   9.6999998092651367        4054.3865188218524     
   9.8000001907348633        4306.0811596644053     
   9.9000005722045898        4571.3104296400616     
   10.000000000000000        4850.6825396825388     
 
 
   0.0000000000000000        1.0000000000000000     
  0.10000000149011612        1.1051709197224806     
  0.20000000298023224        1.2214027618002050     
  0.30000001192092896        1.3498588236659013     
  0.40000000596046448        1.4918247065032555     
  0.50000000000000000        1.6487212704182510     
  0.60000002384185791        1.8221188420712686     
  0.69999998807907104        2.0137526751545183     
  0.80000001192092896        2.2255409231287473     
  0.90000003576278687        2.4596030945378913     
   1.0000000000000000        2.7182815255731922     
   1.1000000238418579        3.0041653021752692     
   1.2000000476837158        3.3201151681433179     
   1.3000000715255737        3.6692926280840106     
   1.3999999761581421        4.0551907520686914     
   1.5000000000000000        4.4816707066127233     
   1.6000000238418579        4.9529971664763783     
   1.7000000476837158        5.4738821143608565     
   1.8000000715255737        6.0495306056856055     
   1.8999999761581421        6.6856907430587205     
   2.0000000000000000        7.3887125220458545     
   2.1000001430511475        8.1656054064000880     
   2.2000000476837158        9.0241034116411338     
   2.2999999523162842        9.9727462644784772     
   2.4000000953674316        11.020955806003057     
   2.5000000000000000        12.179115120485767     
   2.6000001430511475        13.458682275051958     
   2.7000000476837158        14.872272271671415     
   2.7999999523162842        16.433791090081851     
   2.9000000953674316        18.158551452654887     
   3.0000000000000000        20.063392857142855     
   3.1000001430511475        22.166856805284588     
   3.2000000476837158        24.489307792897002     
   3.2999999523162842        27.053137776328352     
   3.4000000953674316        29.882938142180016     
   3.5000000000000000        33.005676081151144     
   3.6000001430511475        36.450958551229341     
   3.7000000476837158        40.251204084297470     
   3.7999999523162842        44.441947853627134     
   3.9000000953674316        49.062089577759465     
   4.0000000000000000        54.154144620811287     
   4.0999999046325684        59.764619454401760     
   4.2000002861022949        65.944331568593498     
   4.3000001907348633        72.748655040951988     
   4.4000000953674316        80.238077552879005     
   4.5000000000000000        88.478492518833704     
   4.5999999046325684        97.541661953404471     
   4.7000002861022949        107.50573035337976     
   4.8000001907348633        118.45552535967622     
   4.9000000953674316        130.48336955765765     
   5.0000000000000000        143.68945656966486     
   5.0999999046325684        158.18249351656129     
   5.2000002861022949        174.08041506236864     
   5.3000001907348633        191.51074765984683     
   5.4000000953674316        210.61177874765275     
   5.5000000000000000        231.53301933598058     
   5.5999999046325684        254.43607997630829     
   5.7000002861022949        279.49564653857874     
   5.8000001907348633        306.89989237254633     
   5.9000000953674316        336.85214570606320     
   6.0000000000000000        369.57142857142856     
   6.0999999046325684        405.29363278051926     
   6.2000002861022949        444.27283430164471     
   6.3000001907348633        486.78171588050441     
   6.4000000953674316        533.11392518062235     
   6.5000000000000000        583.58465935170557     
   6.5999999046325684        638.53222280787645     
   6.7000002861022949        698.31977593648003     
   6.8000001907348633        763.33569795187475     
   6.9000000953674316        833.99689785184637     
   7.0000000000000000        910.74938271604924     
   7.0999999046325684        994.07029779578386     
   7.2000002861022949        1084.4702286160409     
   7.3000001907348633        1182.4933865362591     
   7.4000000953674316        1288.7222271896783     
   7.5000000000000000        1403.7778952462331     
   7.5999999046325684        1528.3228703027967     
   7.7000002861022949        1663.0639703258103     
   7.8000001907348633        1808.7521762355623     
   7.9000000953674316        1966.1890345809325     
   8.0000000000000000        2136.2268077601411     
   8.1000003814697266        2319.7727864261383     
   8.1999998092651367        2517.7876530418216     
   8.3000001907348633        2731.2986623880206     
   8.4000005722045898        2961.3907106582342     
   8.5000000000000000        3209.2145881720112     
   8.6000003814697266        3475.9982209502655     
   8.6999998092651367        3763.0332516361896     
   8.8000001907348633        4071.6991814544745     
   8.9000005722045898        4403.4485714999300     
   9.0000000000000000        4759.8183035714292     
   9.1000003814697266        5142.4449701118810     
   9.1999998092651367        5553.0448203140804     
   9.3000001907348633        5993.4475702717100     
   9.4000005722045898        6465.5743741287952     
   9.5000000000000000        6971.4531096981527     
   9.6000003814697266        7513.2393031320962     
   9.6999998092651367        8093.1867741417573     
   9.8000001907348633        8713.6945517384484     
   9.9000005722045898        9377.2747475052547     
   10.000000000000000        10086.573192239857     
 
 
   0.0000000000000000        1.0000000000000000     
  0.10000000149011612        1.1051709197224806     
  0.20000000298023224        1.2214027618002337     
  0.30000001192092896        1.3498588236675728     
  0.40000000596046448        1.4918247065332022     
  0.50000000000000000        1.6487212706995980     
  0.60000002384185791        1.8221188438284435     
  0.69999998807907104        2.0137526834341397     
  0.80000001192092896        2.2255409548701577     
  0.90000003576278687        2.4596031984859810     
   1.0000000000000000        2.7182818261984929     
   1.1000000238418579        3.0041660884179198     
   1.2000000476837158        3.3201170605599106     
   1.3000000715255737        3.6692968760708045     
   1.3999999761581421        4.0551997376514635     
   1.5000000000000000        4.4816887644978314     
   1.6000000238418579        4.9530318732880483     
   1.7000000476837158        5.4739462555991656     
   1.8000000715255737        6.0496450988286341     
   1.8999999761581421        6.6858888820494586     
   2.0000000000000000        7.3890460157126814     
   2.1000001430511475        8.1661528114827764     
   2.2000000476837158        9.0249817161597878     
   2.2999999523162842        9.9741265667144745     
   2.4000000953674316        11.023084247282382     
   2.5000000000000000        12.182340480051534     
   2.6000001430511475        13.463491963146664     
   2.7000000476837158        14.879338742474861     
   2.7999999523162842        16.444031176136278     
   2.9000000953674316        18.173201506031091     
   3.0000000000000000        20.084103084415581     
   3.1000001430511475        22.195808936458949     
   3.2000000476837158        24.529360555426102     
   3.2999999523162842        27.108005842534954     
   3.4000000953674316        29.957410665512413     
   3.5000000000000000        33.105881850716777     
   3.6000001430511475        36.584686542849944     
   3.7000000476837158        40.428287917704736     
   3.7999999523162842        44.674725840317564     
   3.9000000953674316        49.365951813974448     
   4.0000000000000000        54.548180214846880     
   4.0999999046325684        60.272380866034574     
   4.2000002861022949        66.594732385261324     
   4.3000001907348633        73.577017610557021     
   4.4000000953674316        81.287358687204346     
   4.5000000000000000        89.800704590438244     
   4.5999999046325684        99.199519094980431     
   4.7000002861022949        109.57455073438001     
   4.8000001907348633        121.02541172662249     
   4.9000000953674316        133.66172375605245     
   5.0000000000000000        147.60384850489012     
   5.0999999046325684        162.98393715402838     
   5.2000002861022949        179.94710288849521     
   5.3000001907348633        198.65226908993267     
   5.4000000953674316        219.27393089084774     
   5.5000000000000000        242.00322279659321     
   5.5999999046325684        267.04949145377304     
   5.7000002861022949        294.64205049275267     
   5.8000001907348633        325.03138873036664     
   5.9000000953674316        358.49184271521267     
   6.0000000000000000        395.32311688311688     
   6.0999999046325684        435.85259996812994     
   6.2000002861022949        480.43794772408302     
   6.3000001907348633        529.46875340887959     
   6.4000000953674316        583.37055216326564     
   6.5000000000000000        642.60692780283534     
   6.5999999046325684        707.68286856599093     
   6.7000002861022949        779.14850829855573     
   6.8000001907348633        857.60136342686155     
   6.9000000953674316        943.69226414110881     
   7.0000000000000000        1038.1281926907966     
   7.0999999046325684        1141.6770700037109     
   7.2000002861022949        1255.1730949854750     
   7.3000001907348633        1379.5196362659619     
   7.4000000953674316        1515.6979252846841     
   7.5000000000000000        1664.7707659486052     
   7.5999999046325684        1827.8892647117655     
   7.7000002861022949        2006.3003465903964     
   7.8000001907348633        2201.3503442710530     
   7.9000000953674316        2414.4976176016116     
   8.0000000000000000        2647.3172422639091     
   8.1000003814697266        2901.5116138517401     
   8.1999998092651367        3178.9131845456632     
   8.3000001907348633        3481.5082650832696     
   8.4000005722045898        3811.4303554932480     
   8.5000000000000000        4170.9777767653086     
   8.6000003814697266        4562.6366675724948     
   8.6999998092651367        4989.0684396429579     
   8.8000001907348633        5453.1527481989688     
   8.9000005722045898        5957.9735920304001     
   9.0000000000000000        6506.8443181818184     
   9.1000003814697266        7103.3404837539074     
   9.1999998092651367        7751.2783644108868     
   9.3000001907348633        8454.7778730617774     
   9.4000005722045898        9218.2387470968770     
   9.5000000000000000        10046.375762412492     
   9.6000003814697266        10944.265336572416     
   9.6999998092651367        11917.310021626445     
   9.8000001907348633        12971.329894957515     
   9.9000005722045898        14112.523266925862     
   10.000000000000000        15347.515953182618     
 
 
   0.0000000000000000        1.0000000000000000     
  0.10000000149011612        1.1051709197224806     
  0.20000000298023224        1.2214027618002337     
  0.30000001192092896        1.3498588236675739     
  0.40000000596046448        1.4918247065332384     
  0.50000000000000000        1.6487212707001271     
  0.60000002384185791        1.8221188438331977     
  0.69999998807907104        2.0137526834645918     
  0.80000001192092896        2.2255409550224501     
  0.90000003576278687        2.4596031991164224     
   1.0000000000000000        2.7182818284467594     
   1.1000000238418579        3.0041660955243441     
   1.2000000476837158        3.3201170808920555     
   1.3000000715255737        3.6692969295735707     
   1.3999999761581421        4.0551998687562394     
   1.5000000000000000        4.4816890666201399     
   1.6000000238418579        4.9530325332401395     
   1.7000000476837158        5.4739476309839716     
   1.8000000715255737        6.0496478483156260     
   1.8999999761581421        6.6858941780631280     
   2.0000000000000000        7.3890558823892150     
   2.1000001430511475        8.1661706487585519     
   2.2000000476837158        9.0250130949037661     
   2.2999999523162842        9.9741804116718189     
   2.4000000953674316        11.023174565532511     
   2.5000000000000000        12.182488845060050     
   2.6000001430511475        13.463731032963238     
   2.7000000476837158        14.879717171639692     
   2.7999999523162842        16.444620390135295     
   2.9000000953674316        18.174104932804088     
   3.0000000000000000        20.085468593906089     
   3.1000001430511475        22.197845444503685     
   3.2000000476837158        24.532359956322495     
   3.2999999523162842        27.112371749631357     
   3.4000000953674316        29.963695743701557     
   3.5000000000000000        33.114835914011849     
   3.6000001430511475        36.597318132004204     
   3.7000000476837158        40.445942478263277     
   3.7999999523162842        44.699184466422750     
   3.9000000953674316        49.399555104164442     
   4.0000000000000000        54.593982642871531     
   4.0999999046325684        60.334342370047601     
   4.2000002861022949        66.677954735732243     
   4.3000001907348633        73.688034099916223     
   4.4000000953674316        81.434488663521392     
   4.5000000000000000        89.994484120163165     
   4.5999999046325684        99.453222456282873     
   4.7000002861022949        109.90481955033714     
   4.8000001907348633        121.45300882174229     
   4.9000000953674316        134.21243732696371     
   5.0000000000000000        148.30956820475046     
   5.0999999046325684        163.88393251715632     
   5.2000002861022949        181.08953785944891     
   5.3000001907348633        200.09598386345158     
   5.4000000953674316        221.09054515004914     
   5.5000000000000000        244.27959716009178     
   5.5999999046325684        269.89060676699296     
   5.7000002861022949        298.17436875336494     
   5.8000001907348633        329.40674711135995     
   5.9000000953674316        363.89199135401651     
   6.0000000000000000        401.96495504495499     
   6.0999999046325684        443.99422294850933     
   6.2000002861022949        490.38561917919282     
   6.3000001907348633        541.58487849001324     
   6.4000000953674316        598.08287279657327     
   6.5000000000000000        660.41900524612277     
   6.5999999046325684        729.18605914700709     
   6.7000002861022949        805.03563033363673     
   6.8000001907348633        888.68214825296650     
   6.9000000953674316        980.91102612326858     
   7.0000000000000000        1082.5837602745760     
   7.0999999046325684        1194.6453479252721     
   7.2000002861022949        1318.1325881871751     
   7.3000001907348633        1454.1800140631365     
   7.4000000953674316        1604.0324663421220     
   7.5000000000000000        1769.0526107263850     
   7.5999999046325684        1950.7321317567839     
   7.7000002861022949        2150.7042492986002     
   7.8000001907348633        2370.7522853216901     
   7.9000000953674316        2612.8288589399585     
   8.0000000000000000        2879.0667510267513     
   8.1000003814697266        3171.7970335700429     
   8.1999998092651367        3493.5587737194187     
   8.3000001907348633        3847.1338003412561     
   8.4000005722045898        4235.5469410066307     
   8.5000000000000000        4662.0950986197186     
   8.6000003814697266        5130.3839819161258     
   8.6999998092651367        5644.3234203965021     
   8.8000001907348633        6208.1899661427651     
   8.9000005722045898        6826.6223931692275     
   9.0000000000000000        7504.6649457573685     
   9.1000003814697266        8247.8222847227044     
   9.1999998092651367        9062.0483083917516     
   9.3000001907348633        9953.8414077441867     
   9.4000005722045898        10930.232885845764     
   9.5000000000000000        11998.850687887181     
   9.6000003814697266        13168.000859065507     
   9.6999998092651367        14446.644393823231     
   9.8000001907348633        15844.541050675512     
   9.9000005722045898        17372.224623304734     
   10.000000000000000        19041.096035651590     
 
 
   0.0000000000000000        1.0000000000000000     
  0.10000000149011612        1.1051709197224806     
  0.20000000298023224        1.2214027618002337     
  0.30000001192092896        1.3498588236675739     
  0.40000000596046448        1.4918247065332384     
  0.50000000000000000        1.6487212707001278     
  0.60000002384185791        1.8221188438332070     
  0.69999998807907104        2.0137526834646731     
  0.80000001192092896        2.2255409550229817     
  0.90000003576278687        2.4596031991192042     
   1.0000000000000000        2.7182818284589949     
   1.1000000238418579        3.0041660955710987     
   1.2000000476837158        3.3201170810511127     
   1.3000000715255737        3.6692969300643603     
   1.3999999761581421        4.0551998701498340     
   1.5000000000000000        4.4816890703036512     
   1.6000000238418579        4.9530325423873425     
   1.7000000476837158        5.4739476524871140     
   1.8000000715255737        6.0496478964688070     
   1.8999999761581421        6.6858942813243898     
   2.0000000000000000        7.3890560953841362     
   2.1000001430511475        8.1661710729550148     
   2.2000000476837158        9.0250139132677347     
   2.2999999523162842        9.9741819453564631     
   2.4000000953674316        11.023177364560654     
   2.5000000000000000        12.182493830443400     
   2.6000001430511475        13.463739715372760     
   2.7000000476837158        14.879731982028570     
   2.7999999523162842        16.444645171928308     
   2.9000000953674316        18.174145663852855     
   3.0000000000000000        20.085534430970810     
   3.1000001430511475        22.197950215955370     
   3.2000000476837158        24.532524269186322     
   3.2999999523162842        27.112625932658716     
   3.4000000953674316        29.964083914823881     
   3.5000000000000000        33.115421545929379     
   3.6000001430511475        36.598191603201663     
   3.7000000476837158        40.447231220944140     
   3.7999999523162842        44.701066504966228     
   3.9000000953674316        49.402276970801317     
   4.0000000000000000        54.597882905650103     
   4.0999999046325684        60.339882342517974     
   4.2000002861022949        66.685758283691143     
   4.3000001907348633        73.698938865898214     
   4.4000000953674316        81.449611725204278     
   4.5000000000000000        90.015305532897898     
   4.5999999046325684        99.481691047448592     
   4.7000002861022949        109.94348624086940     
   4.8000001907348633        121.50519351658130     
   4.9000000953674316        134.28243743432455     
   5.0000000000000000        148.40291737139864     
   5.0999999046325684        164.00772058831876     
   5.2000002861022949        181.25280504634290     
   5.3000001907348633        200.31020327603744     
   5.4000000953674316        221.37021348915525     
   5.5000000000000000        244.64295279771457     
   5.5999999046325684        270.36050074768553     
   5.7000002861022949        298.77931811799891     
   5.8000001907348633        330.18220074911358     
   5.9000000953674316        364.88185400560440     
   6.0000000000000000        403.22340859140854     
   6.0999999046325684        445.58790043426376     
   6.2000002861022949        492.39619376757173     
   6.3000001907348633        544.11212655463885     
   6.4000000953674316        601.24831137183298     
   6.5000000000000000        664.37017639326461     
   6.5999999046325684        734.10157552925546     
   6.7000002861022949        811.13110633722101     
   6.8000001907348633        896.21712358238665     
   6.9000000953674316        990.19709413123451     
   7.0000000000000000        1093.9940226210792     
   7.0999999046325684        1208.6254216304756     
   7.2000002861022949        1335.2134020716837     
   7.3000001907348633        1474.9925718260495     
   7.4000000953674316        1629.3250132229848     
   7.5000000000000000        1799.7103830369256     
   7.5999999046325684        1987.8001221527722     
   7.7000002861022949        2195.4134216000966     
   7.8000001907348633        2424.5495043316673     
   7.9000000953674316        2677.4114142390554     
   8.0000000000000000        2956.4216890990647     
   8.1000003814697266        3264.2461844387608     
   8.1999998092651367        3603.8096784810573     
   8.3000001907348633        3978.3386072514691     
   8.4000005722045898        4391.3681881383818     
   8.5000000000000000        4846.7807736681252     
   8.6000003814697266        5348.8535680570703     
   8.6999998092651367        5902.2630873533408     
   8.8000001907348633        6512.1628832792167     
   8.9000005722045898        7184.1905074593851     
   9.0000000000000000        7924.5271319060412     
   9.1000003814697266        8739.9719405155101     
   9.1999998092651367        9637.9458282542182     
   9.3000001907348633        10626.613658715925     
   9.4000005722045898        11714.891136882132     
   9.5000000000000000        12912.536639123206     
   9.6000003814697266        14230.266188030479     
   9.6999998092651367        15679.753483083419     
   9.8000001907348633        17273.820834878803     
   9.9000005722045898        19026.442926298372     
   10.000000000000000        20952.886968606545     
 
 
